0 1
2.2589515444
0.9009150067
2.2443188292
2.3905432899
2.0658748580
0.8258390537
1.7031303521
1.0214713200
1.6239170025
0.6693486830
0.8973257960
0.9005164683
0.9763754496
0.7150838093
1.5474781361
0.8404303891
0.8522722508
0.5824755345
0.8575039186
1.8287241448
0.6991937881
1.6820976843
0.7712919469
0.7145725199
0.8111827407
0.7133707597
0.8056823210
0.8930549897
2.2154602978
0.9634399240
0.7922697598
0.8633484664
0.7098830136
0.8627234912
0.8139382663
2.1762083448
0.7486797457
2.3540343931
0.6489712043
1.9026835958
0.7428511329
1.7449123047
1.8519821032
1.7824661938
1.7811244771
0.6940773876
0.8196433683
0.7851717604
0.8315924033
0.8113020926
1.7266893160
1.8745137190
0.8723860136
1.4556522149
1.4481254415
1.5751525755
1.6371557644
1.8351511508
1.4005870167
0.7024078084
0.7044695691
1.0801673789
0.8984887803
0.9356974833
1.4330164584
0.8376746791
1.0436241945
1.0112261148
0.6375839046
1.5581983276
0.7201331973
0.8385378215
0.7100824993
1.5695819833
0.7894951977
0.8238080697
0.7496880984
0.5791413271
0.8158746379
0.7751110086
0.7028972911
0.7286433594
0.7217932341
0.7097385805
0.7607573782
0.8108740529
1.6894304971
0.9810248668
0.9889931379
0.7227660277
0.7175839125
0.7203578943
1.6436901841
0.7253616332
0.8102467521
0.9515848656
0.7392868297
1.2139769796
0.9801154803
1.7661577054
1.6732505475
0.8141655043
0.6908052960
0.8928970924
0.8068353289
1.1518123165
0.7233237374
0.7218475551
0.7957700721
1.1247761414
0.8902263031
0.5752613612
1.1571699729
1.3496400436
2.1190513880
1.5719023366
0.5997371588
0.8166936628
1.5115138405
1.3573269379
1.0079504926
0.7061477943
0.8058610376
0.7252925047
0.7363563368
0.9446921157
1.2767528279
1.5850357710
1.4254836270
0.6964891516
0.8871188973
0.9864230009
1.9831081145
0.8161731338
0.7448026081
0.7347381080
0.7410951084
0.7362060989
1.1969819208
0.7301809185
1.2601596130
0.6594957025
0.9537373366
1.8723574847
1.5567068521
0.8155018224
0.7275565811
1.1748883329
0.7621425215
0.7529916014
0.7445081587
0.6151361135
2.0830649662
0.7115582123
0.9849255221
0.7632560626
0.7653144818
0.7638453587
1.3190479685
0.7629221221
1.0659043156
1.3484457319
1.9430394893
0.8277026075
1.8113486848
1.4734160711
0.9203897544
0.7578268175
0.7536338517
1.2954953921
1.1091581080
0.6865427849
1.0343122690
1.6655832080
0.7681250341
0.9146246853
0.9175021942
1.0945037990
1.1635220096
0.7186059007
0.6960698369
2.2292153552
2.0989356635
0.8937291259
0.6391167596
0.9276030858
1.0629493144
0.7761475917
0.7272049586
0.7072695977
0.7077359439
0.7031631577
0.9390470413
0.9025222892
0.6618486663
0.7565409083
1.9589041352
0.7868567414
1.4986236854
1.4522958081
0.8669485843
1.2761683693
1.2887042734
0.7699295259
1.0536983378
0.8594786462
0.7884107113
1.7185341199
0.8331202177
1.7478456585
0.8626315582
0.9240352376
0.8565178925
0.7671261351
0.7481586376
1.3481126726
0.7010013337
0.6937439695
0.7038852885
0.6994803090
0.6556891991
0.7196587629
0.9545021193
0.8915352622
2.4516790900
0.7310655799
0.7603966374
0.8897433864
0.9035795590
0.9378971240
0.8345221249
1.0582611130
0.8083421566
0.8393461320
0.8948215355
0.7100123852
0.8117123880
0.7522085914
0.7788322649
0.8686596406
0.7563109926
0.7506461475
0.8038291381
1.3934257066
0.8633700169
1.1434815648
1.9763328353
1.7476789993
0.7309079283
0.8513939793
0.8789103104
0.9261464594
0.9573588228
0.8478205728
0.7545087075
0.7495148619
1.3029479712
0.7674885411
0.7430644364
0.7201583060
0.8309590559
0.9471579563
0.9818204704
0.9741204611
0.6632952611
1.9275458941
1.6598308600
1.5890192851
0.7842235016
0.8492857511
0.8727474236
0.9023851162
0.7600914315
0.7859222097
0.7454734811
0.7424378171
1.0327285475
0.9266460388
0.9379116871
0.8998972022
0.8651685029
0.9232322567
0.6592523024
0.8861026380
0.7101974968
0.9945407410
1.2000985926
0.9026134629
0.7964333792
0.8383290124
0.8830429547
0.9470475330
0.9664801799
0.9991037290
1.0470249749
1.2200605118
1.1746348426
0.6566793613
1.0071322719
1.3294840694
1.1698700651
0.9756989499
0.8204675552
0.7907849401
0.7424095609
1.6129485174
0.8557859619
0.8719016905
0.8770332918
0.9501837022
1.1619041553
1.2973123366
0.8884100681
0.7094643885
1.2079119022
0.8237324289
0.8597451943
1.8901574650
2.6026151368
0.9008309565
0.9311141569
0.9648295555
1.0350949286
1.0580339404
0.7254153142
0.8253708162
0.7190635361
1.7084116310
0.8626797133
0.8657816856
0.8823317483
0.9528356601
1.2050229421
1.1254621312
0.9187125682
1.0241588001
0.8114914191
1.3301360750
0.7225394668
0.6484561779
1.1342858024
1.0982199832
0.8238908790
0.8488702543
0.8987959594
0.9040533738
0.9204785330
0.9861489312
1.0521182130
1.0890891307
0.9748302552
1.0962983785
0.9303949568
0.7001655003
0.7597701753
1.6162359498
0.8490638704
1.1004152556
1.0618122504
0.9570675450
0.9330288813
0.9313914134
1.0039787202
1.0281502374
0.8118166773
1.2555533115
1.0627383654
0.7163746558
0.7771215647
0.7197460956
0.7328670389
0.9813248674
0.8652616380
0.7018471679
1.8188809375
0.8884472743
0.8667914456
0.8898992610
0.9017540936
0.9227507075
0.9722106114
0.9918366362
0.8257984263
1.2418800241
0.8797983085
1.2673953013
0.9032742705
0.9504621360
0.8714640507
0.8795030675
0.8898577852
0.9261756351
0.9106391885
1.0365091721
1.1099349539
1.1368875876
1.1253427672
1.0572318978
0.9814521357
1.2344030687
1.0121164956
0.8060458988
1.1377427708
0.9803131976
0.7481424643
0.8439916659
1.1072752973
0.7230880295
0.6873062138
0.6346935431
0.6498645340
0.6618500793
0.6991920692
0.6804406541
0.8829712257
0.9058537408
0.9637669803
0.7300591773
1.0554389150
1.0944176794
1.1973178042
0.7657196119
1.3442792486
1.0732049990
0.8195373799
0.9514776245
0.6442594349
0.9567958625
0.9843248921
0.9011899504
0.9191486667
0.9435246653
0.9498718144
0.9700073385
1.0180067791
1.0456918741
1.1140045342
1.1695393542
0.7207180119
0.7966951071
1.2075783464
1.3403548140
0.7505999634
0.7931475825
0.9346099066
1.2884885859
0.7989144280
1.0294158054
0.7120785853
0.8774615111
0.9948419536
0.9004210185
0.9163615752
0.9882923523
1.0936102324
1.0742438639
0.7786792767
1.1438628755
1.2331003227
0.6598804400
0.6752959677
2.0638327068
0.9516377133
1.0070268331
1.0250835217
1.0336004176
1.0628745590
1.1316792546
1.1865154673
0.7399910383
0.8041233170
1.2527916571
0.8172824600
0.9393540857
1.2035507185
0.9798357073
0.6934244266
0.7495944864
1.8592563665
1.9262835400
0.9033641911
0.9123601994
0.9381000652
0.9481626629
0.9759051543
1.1096304239
0.7707229754
1.0469668984
0.8920288839
1.1103731512
0.6945815750
0.6761465608
1.2088136214
0.7129124256
1.3745665993
0.6777180099
2.0750700576
1.0331078835
0.9310016382
0.9349685052
0.9480805956
0.9933099478
1.0122922407
1.0863268203
1.1132832950
1.2133136923
0.6753048244
0.7297637184
0.7317552502
0.7140713605
0.8221823689
0.7316475267
0.7515144693
0.8103793028
0.7866241430
0.7138105387
2.0098183316
0.9143232879
0.9171524816
0.9625723315
0.9711154455
1.1393253905
1.1519272125
1.1865478360
1.2681965416
1.0651863653
1.2441570164
0.7115767879
0.7235008320
1.0430830335
1.0074677046
0.6300040544
0.7601896157
0.7760358109
0.7979929227
0.9490607937
0.9756263269
0.9920587312
1.0354074672
1.0573546247
1.0900708159
0.9891266810
1.5833227544
0.7657476371
0.7510450823
1.1557090167
0.9308868695
1.1416373179
0.7008448278
0.9326325281
0.9474481783
1.3647423222
0.9965904794
0.6952629221
0.7154090163
1.9349501852
0.7440348434
0.9402694425
0.9533764568
0.9679179126
1.0468896246
1.0627205234
1.1217075129
1.1437026656
0.7734370237
0.8995885656
0.7214488759
0.7134748828
1.0022712067
0.9714240599
1.1989484001
0.7261342242
0.7514609038
1.6312716129
0.7359208231
0.9191749988
1.0218225018
1.1654188228
1.2101430702
1.2293042535
1.3267700674
1.0926867329
0.7543484049
0.8774529704
1.1062382140
0.7685127839
0.9794073405
0.7641504338
0.9099060947
0.8175608282
0.9014821967
0.9281954924
0.9468682729
0.9832143792
0.9898942402
1.0012288538
0.9976257108
1.0229971401
1.1014849598
1.1270897483
1.3427782176
1.3000147051
1.3961967004
0.6387701443
0.7043387735
0.9731309698
0.8023213525
1.1434350001
0.8145716264
0.9185511725
0.9604823590
0.9835725801
1.1159573665
1.1546716018
1.4652462028
0.6620285684
0.9055379717
0.7523672371
1.1641380733
0.9542983462
0.8152867178
1.1636569601
0.7141769551
0.7613708601
0.8463060458
0.8644816970
0.8832475645
1.0237351323
1.0432592958
1.0484134770
1.0864458962
1.0649966353
1.1106041609
1.1763456510
1.4151520160
0.6853768686
1.1161261527
0.9066226535
0.9267062574
0.7361514703
0.7795878145
0.8040589517
0.9970908915
1.0194438771
1.0588026713
1.1633518833
1.2616210397
0.7855814291
1.4057729220
0.7260391765
1.1695334740
0.9601892608
0.9651736219
0.9421287260
0.8598878756
1.3570347378
0.8198411936
0.7286882155
0.8236581269
0.8444142657
0.8844084784
0.9045180175
0.9257939656
0.9336837038
0.9571551305
1.0231942389
1.0427590877
1.0482803790
1.0857670026
1.1355547847
1.2379677272
1.2889328394
0.8053184341
1.4769524954
0.8597371463
0.8775172979
0.9797359470
0.9963934053
1.3282047216
1.1877968991
0.9037500071
0.7191515094
0.7347007229
0.8153459213
0.9473600374
1.0711282683
1.0930218867
1.1081188382
1.1248739626
1.1590976314
1.1821873156
1.2281055448
1.2729322862
0.7050104337
0.9490891068
0.7660898383
0.7784150604
0.8970930799
0.9932549869
1.0151136334
1.0195704441
1.0352847573
1.1402629259
1.1660395178
1.3563725583
1.4018864449
1.4318653544
1.5027424541
0.7438665702
0.9078510662
1.1916064146
1.3730372933
0.9366711971
0.9210222941
0.6619230695
2.2467738259
0.7944279101
0.8631175284
0.9793115345
1.0172380892
1.0922533737
1.0766602765
1.1012339028
1.2396504347
1.4825750924
1.5014671555
0.7422539381
0.8254257362
0.9063254034
2.1140566190
0.8363301063
0.8560337288
0.9423791967
1.0551850649
1.0945113424
1.0971538748
1.1996895110
0.9003378721
0.9010371654
0.8015057572
1.0372178405
1.0600752726
1.1183524425
1.1513006420
1.1433755144
1.3112276351
1.3367838664
0.7092278431
1.1318108753
1.0085029197
0.9082159474
1.4576814448
1.2638995992
0.8008812507
0.8854699380
0.9021196509
0.9232599674
1.0505508868
1.1002397073
1.1948086357
1.4372415374
1.4900371820
0.6541178788
1.0578503730
1.1581863748
0.7970304815
1.3912163642
0.8273830645
0.9370389678
0.9682575450
0.9705984673
1.0054798507
1.0094980652
1.0859682862
1.0954916862
1.1013871335
1.1003256198
1.1253466602
1.2839032612
1.2458922497
1.3440379373
0.9299460761
0.6511460837
0.6505815308
0.7612665376
0.7165397906
0.7421887497
1.1284672489
0.8831688947
0.8522162211
0.8216779310
0.7641497972
1.6133395461
0.8401939205
0.8759962252
0.8925300823
1.0436144800
1.0812857575
1.1178721842
0.9783809733
0.7126675488
0.7029185593
0.7185267659
0.7898072330
1.6769168696
1.6805915436
0.9324725986
0.9944212712
1.0238236640
1.0875042454
1.0976667819
1.1062264541
1.1308762061
1.1416521820
1.1550297427
1.2485506271
1.3049866635
1.3984236442
1.1785091770
0.6980781521
1.2822112802
0.9112930626
1.0799962274
0.8134961701
0.8705475428
0.9132100665
0.9554534035
0.9856755393
1.0249001845
1.0669312296
1.0543067402
1.0546525254
1.0649171041
1.0976818680
1.1763361085
1.2110014699
0.8704988735
0.6148662193
1.0535174624
0.8200049276
1.0222476410
1.0391366302
0.7570973738
1.7597090380
1.5364955810
0.6081127765
1.2852208947
1.1392241438
1.1423911273
1.4207026275
1.4790975854
1.5201299926
0.7263818458
0.7390021624
0.7112201647
0.7767416709
0.9627325988
0.6353109394
0.8272030836
0.6644709546
0.8656193749
0.8930409107
0.8667230388
0.9189160111
0.9440222880
0.9598143356
1.0010307999
0.9916221108
0.6352477657
0.7420673792
1.3935317171
1.1365372245
1.2194879979
2.6319579242
0.7157389909
0.7340555405
0.8859656499
0.9521017947
1.3129378718
0.9231684888
1.7741919668
0.7277736042
0.7428624385
0.9470898814
1.6017491037
0.7613646564
1.6525450205
0.9291435951
0.7291629654
1.1580242249
1.1795243307
1.2362755762
1.2837242285
1.2430020955
2.8068569476
0.8672110542
0.8168494852
1.2252508959
0.8524070198
0.7700767391
0.7050382487
0.7114578651
0.6773902300
1.1829415797
0.7513384523
1.3779231758
0.7426562929
0.7841994493
0.7436884889
1.1870312084
1.1921448812
1.3270821707
1.3860884280
1.5509780661
1.5790349456
0.8138557182
0.6822055556
1.1962521733
0.7245800027
0.7504653147
0.7778396571
0.7691060635
0.8060399789
0.7954240487
0.8148687653
1.5391481554
0.7759360428
1.5348184777
0.6212253085
1.1507024589
1.2263415383
1.5343149179
0.7072629003
1.0316975338
0.6689073224
0.7372383826
1.1884558493
0.6786761052
0.7381697544
0.8141350322
0.8239110739
0.7595738232
0.7511040939
1.2041017082
1.4895399248
1.4429087127
0.8165838852
1.8718923854
1.1885559884
0.8443511261
1.2077954187
0.7065693067
0.7476729074
0.7687835185
0.7957312229
1.8156606265
1.2196020188
0.8358105250
0.8796074976
1.2221380823
1.3316642820
1.5515867041
1.2483440276
1.0107362000
1.6418146491
0.7173046290
0.7382605977
0.7757382999
0.7851463701
0.7106600667
0.8139729032
1.2476605658
1.2028174116
1.2802093244
1.4401919415
1.3146293414
1.2698627367
1.2911189856
0.6911823069
0.6961792374
0.8243672243
1.7799223163
2.4509532601
0.8218165405
1.6061365259
0.7385869751
0.7376319597
0.9763728195
1.2212784477
1.2513656047
1.2892204128
1.3875639996
1.5202914563
0.7837539761
0.9180081006
0.7481818649
0.7697163477
0.7619430457
0.7795239945
0.7790079891
0.7926454170
0.7181221610
0.9112960149
1.1439547427
1.4736261866
0.8802631997
0.7357490483
1.1378594809
1.0330121360
0.7858580630
0.7954665946
0.8840928611
0.8901656945
1.7215380876
1.7094539172
1.2317170327
1.2572397658
1.3198413017
1.4480687284
0.6907623637
0.6918110831
1.2412045913
1.6552570081
0.8606633643
0.8435866694
0.7205157390
0.7378990559
0.7587114821
0.7712514746
0.7567543355
1.8439726815
0.8847809986
0.8936633098
0.9339444160
0.7517750372
1.2610760468
1.2886322263
1.3871662661
0.9994457195
1.0753997998
0.6878334098
0.6954898505
0.7247737663
0.9004302031
0.9572503257
0.7318754111
0.7637514834
0.7492028530
0.8651561314
0.8731375793
0.8830996531
0.9544232397
0.9736454380
1.3510346755
1.4141068025
1.0713822798
1.2630287587
1.2388401344
1.2357905059
0.7153495833
1.1370616474
0.7145347912
0.7435513364
0.7508922858
0.7843991937
0.7965396728
0.8367423162
0.8497058117
0.8659141349
0.8925458372
0.9078629445
0.9420651072
0.8151052777
1.1977874798
1.2806870021
1.4436347205
0.8793768573
0.6804072380
0.8962553638
0.7602043841
1.4782293511
0.9949715339
0.6998657861
1.0945454882
0.8752853582
1.2220364935
1.2401901746
1.4109893496
1.4806094020
0.6465634463
0.6983854250
0.9682222536
0.7254803429
0.7375333191
0.7444098404
0.7448123900
0.7519328113
0.7693275072
1.0735087569
0.8313914662
0.8265822726
0.8420575770
0.8500920256
0.8539682916
0.8556134319
0.9086169923
0.9231713268
0.9519613329
1.0053813369
1.0662805415
1.0901787144
0.9475822860
0.7631503547
0.7609911735
1.7752488394
0.8461526344
0.8712380252
0.8873348915
0.9671098019
1.1362532877
1.5365972869
1.2859766126
1.3244973749
0.8493290977
1.2862497516
1.2688731345
0.7374093951
0.8372330051
0.9250984794
0.9420634020
1.0037933070
0.6634504329
1.0111996941
1.3297985857
1.3785286875
1.3889356683
1.4261625288
1.4693958704
0.7636217622
0.7383364921
0.7482987041
0.7844468598
0.7841431770
0.8033217205
0.8530440692
0.8591707260
0.8815549007
0.8976737316
0.9181120424
1.2097222680
1.2238721649
1.2576782672
0.6714667495
0.6708636738
0.7249949469
0.7336082734
0.7521898530
0.7680352241
0.7298573295
0.9257306264
0.9407259273
0.6703221491
1.1674842885
1.2443148811
1.0191331865
1.1773623618
0.8758336488
1.1728137404
1.2273724993
0.7121925061
0.7701849813
0.8319745840
0.8403082878
0.8635904927
0.9761731827
1.0039353693
0.8586529478
0.7184029353
0.7124798911
0.8215396706
0.8644782417
0.9658002831
0.9358462880
1.2378218650
1.2239789442
1.2469068406
1.2852496822
1.3359749957
1.3623006670
1.4277190904
0.8172479843
0.7164155138
0.7268798733
0.7307900108
0.7328866618
0.7749697649
0.8088191702
0.8355027892
0.8507363317
0.8791151493
0.8944564438
0.9456608991
0.8259519434
1.3071742445
1.0579352155
0.7427493760
0.7651064074
0.8223715437
0.8785808783
0.6654845755
0.6926969908
0.8649422155
1.0598496500
0.7308670436
1.1311255476
1.1536646363
0.7592910833
0.8806016845
0.9596897701
0.9494917821
0.9133691019
0.8141970301
0.8287319383
0.7045893419
1.0628511697
0.6339925234
0.7517469190
0.9038925907
0.6359210147
0.6424808271
0.6504179877
1.6031876961
0.6736415281
1.4311914069
1.1381313321
0.8294260279
0.7039682902
0.6524785539
0.7209858118
2.1663414186
0.6921352412
0.6645809266
0.9285810154
0.8733096719
0.7135070589
0.8770717353
0.7321349539
0.7888071179
0.8231636040
1.3590681512
0.7238597948
0.7533103912
0.7174033194
0.7020630007
0.7004687752
0.8387753331
1.0027656229
0.7749067679
0.7705874115
0.6995440009
0.6450695440
0.9540263651
0.8129586444
0.8223869856
0.8124912301
0.7970114197
0.7958908701
0.7690929865
0.6705402203
0.7655553899
0.9289298955
0.9610293602
1.0130047843
0.8772661041
0.8285666567
0.8101812923
0.8160062369
0.7835474812
0.8974578238
0.7597259551
0.8056686062
0.8388896894
0.8431743994
0.8333218036
0.7805701533
2.1669364907
0.9049123365
0.7663693388
0.7772260684
0.7878319319
1.0527648712
1.0556909964
0.8536433243
0.8022575083
0.7900924848
0.9161706036
1.0239150528
0.8507785554
0.8203350701
0.9294914301
0.8925336687
1.7575118162
0.8670863649
0.8541876667
0.8796283836
0.8761238467
0.8466021373
0.8197064439
0.8048312482
0.8157429163
1.1895730566
1.0738965371
1.8772293202
0.9389331941
0.9102568654
0.8502801130
0.8465759728
0.8104631507
0.6871383480
0.6847320139
0.8773039013
1.0351393462
0.9964098606
0.8146955137
0.8836893711
0.8424244022
0.6534376982
0.9326158646
0.9375261937
0.8856630237
0.8743328370
0.8526097294
0.8353917216
1.0221045519
0.6445203691
0.7429755430
0.7890738489
0.9873133718
0.8362782652
0.6982870129
0.8872972200
0.9749393673
0.9739802095
0.9193945436
0.9133270185
0.9166207874
0.9057999287
0.8700506061
0.6468469713
0.7378357084
0.7461149756
0.8979948279
0.9281687866
1.0401354884
1.3151589819
0.6843056247
0.9435892676
0.9413557199
0.9002520182
0.8316755711
1.1071184588
0.7122998583
1.2998012434
0.6894523762
0.7732446535
0.9939074914
0.9861196989
0.9746112501
0.9691807007
0.9430479809
0.9394843246
0.9240821995
0.8805821683
0.8993673972
0.8452958074
1.1107140498
0.9966966277
1.0353285326
1.0124109009
1.0033269665
0.9991421133
0.9229798063
0.8665964800
1.1684266178
0.8873686798
0.7921006524
0.9272233571
0.8137735760
1.0177275724
1.0018459570
1.0303402868
1.0059928784
0.9776283818
0.9916364997
0.9665053364
0.8634807148
2.2237472859
0.9370481123
0.9571819150
0.9442267931
0.8381135314
0.9036270603
1.1402876870
0.9569912815
1.0438780603
1.0178418992
0.9432548404
0.8988467897
0.9001196552
0.8797097328
0.6308769963
0.9021962043
0.6617626169
0.8138332731
0.6508076767
1.0268318602
0.8677469400
0.9888016013
0.9659250553
0.9701846666
0.9287518607
0.9286841559
0.8801538419
0.8488217256
1.2987625652
1.0624052315
0.9770003521
0.8215667873
0.7145510830
1.0577551985
0.9501867629
0.6941904815
0.6627481634
0.6513258680
0.7440633079
1.0301375865
0.7430746361
0.7153648119
0.7940317419
0.9205782075
0.9768303941
1.0253620966
1.0197447208
0.9802388801
0.9782800349
0.9481503511
0.9368201642
0.9163391653
0.8971374725
0.8935019697
0.8760104985
0.8722020730
0.9609752920
0.6492452328
0.9918084917
1.1977102604
0.7781375068
0.8017979067
1.1075900976
1.0796105128
0.9997599966
1.0924252384
0.8703215484
2.2772775711
0.8381543739
1.0963672151
1.2723715212
0.7219711438
0.8241144484
0.7053953323
1.1258857222
1.0836984726
1.0693199591
1.0061924118
0.9564036300
0.6661197564
0.6416943980
0.6430118226
0.8812890519
0.7990156378
0.7154433588
0.8504439443
1.0761224200
0.6608558668
0.7488779237
0.7760266300
1.1341482763
1.1103714200
1.1011414608
1.1112595407
1.0683230008
1.0442727712
1.0112877386
0.9946905284
0.6727107791
1.1151959504
0.8075350154
0.6877994674
0.7588168341
0.6784790839
1.1672886374
1.1800260357
1.1530819682
1.0883213810
0.9585042900
0.9110051901
0.9371602260
0.9865963970
0.8451175744
0.6624706842
0.8021381910
0.6859418089
0.6550214792
0.7423731807
0.7351744612
1.1376281869
0.6467772158
0.7070826339
1.2460138203
0.6359328693
0.6682525014
0.8855148668
0.9841222421
1.2345015217
1.0955853017
0.9501516502
0.9672676473
1.1566034322
1.0138340486
0.9147201207
1.0535027215
0.9614242684
0.6800077904
0.6784267908
1.1239266019
0.6514857693
0.7759782026
0.8077150051
0.8184716893
0.6772006613
0.6581273617
0.8624920777
0.6993229654
0.9009486395
1.1781203596
1.1723654539
1.1476760600
0.8553457161
0.8830326916
1.4541739986
0.7980741877
1.1217903739
0.6886152349
0.9275286781
0.9872990953
0.7685118017
0.7844959577
0.7483379182
0.9400287093
0.9411627813
0.9627384384
1.0308107000
1.2474929352
1.1998724880
1.2572502232
1.2058011952
1.0912239280
1.0749476720
1.0684112997
0.8517313262
0.8166757759
0.8948997617
0.9602324956
0.7092670183
0.8332755845
1.0745998325
0.9971443327
0.9994965172
0.8230517702
1.2929038861
1.2223623249
1.2018483944
0.7137812164
1.0010944530
0.8861426207
1.1692872481
0.8809809904
0.7298063091
1.2075064243
0.6370414433
0.7930632443
1.0110740625
0.8015149414
0.8513833635
0.8200479148
0.8118958762
0.8972804196
0.8715073084
0.6745405734
0.7110716043
0.7195983011
1.3099792136
1.2893852046
1.2786116630
1.2376754385
0.7165296108
0.8729432681
1.1097233124
0.8296065178
0.7443230718
2.1254896908
1.0159079212
0.7289315488
0.8384165519
0.8517873734
1.2305998454
1.1953101912
0.9653966212
0.8596193584
0.6874262617
0.9324105829
1.1241004381
0.8115540148
0.8314359366
1.3407131595
0.6784837977
0.6994903712
1.0736929515
0.9691115359
1.2899283460
1.0639926202
0.8859326185
0.8006164754
1.0664545752
0.8141577522
0.6848054391
0.8090225888
1.4135759970
1.3308551352
1.2971727911
0.8031364828
0.8684064196
1.2703796632
0.6729012468
1.2047161062
0.7039733612
0.7136854593
0.8784483194
0.7063276592
0.8625886537
0.6609004696
0.8593952779
0.7913103610
1.3613836364
0.7264964475
0.7840237096
0.6972457989
0.8913598855
1.1895885262
1.0926167202
1.1320548580
1.2051045277
1.1052179165
0.7218262421
0.7451399361
0.8724358686
0.8499644365
0.7456948589
0.7544301962
1.3820873850
0.8329658916
0.5999472032
1.0436169067
0.6348802567
0.7222553227
0.7032466262
0.6756326807
0.8549177371
0.6893750254
0.8170914298
1.0546401599
0.7335743363
0.7890544318
1.3912627105
1.3768851607
0.9947475142
0.9014963346
1.1651081612
0.7306621527
0.7253147772
0.7452719517
1.1384825814
0.7534147255
0.9163518195
0.7621949054
1.2188514825
0.8104781943
0.9918441104
0.7719609478
0.6639050955
0.8668348291
0.7844292757
0.6360392505
0.8311583660
0.8005152685
0.8133954024
1.2262936737
0.8895868865
0.8743271027
0.6486932583
0.8311922693
0.7860935256
1.1592909044
0.9927374326
1.0377384648
0.7280319242
0.8618290013
0.7781399112
0.8484871404
0.9793358753
0.6325458009
1.1881431137
1.0216478224
0.7373265880
0.7549397758
1.1278982950
0.7466133324
0.9876026710
1.1080513968
1.0702515017
0.6663265088
0.6404294654
0.6428548707
0.9816240074
0.9086463246
0.8197908594
0.6420538202
0.8229011754
0.6319017439
0.8547227139
0.6607324489
0.8124685388
0.7549405295
1.1065097096
1.0978433859
0.7578550653
0.6962886762
1.1999084117
2.3005527229
0.9801889437
1.2761018343
0.6550869366
1.0324239962
0.8475941380
0.9799581684
0.9436805856
0.8871227919
0.8808093201
0.6848930630
0.9612052401
0.7390958172
0.7221656081
0.7589846669
0.6628971981
0.9231350323
0.7064978331
0.6548153666
1.0385383682
0.7707752846
0.8252995114
0.8010642018
0.9106619453
0.6510722883
1.0597674462
1.3293166060
0.8156232198
0.8729413226
0.8629532830
1.1666987107
0.8226832131
0.6918372550
0.8043492835
1.1001915612
0.8020221092
0.6290806261
1.1126053642
1.1894953342
0.6717430278
1.0119745313
0.6783933421
0.9312411968
0.8236309365
0.6802857658
0.7069820539
0.7184810051
0.9259484958
0.7167448806
1.1692931038
0.6726794221
0.7443624836
1.2746636511
1.2439299415
0.7493518800
0.9000134599
0.8864956658
0.6672417802
0.8591505934
0.8175516556
0.7838760056
0.7320637590
0.7683789286
0.7641420437
1.2162787469
1.2154480923
1.1311224277
1.6230365793
0.7048361513
0.7739989755
0.6491888338
0.8660120048
0.8524600671
0.6861963007
0.8526101079
0.6965913246
0.8730391299
1.0515806324
1.1660943950
0.8414583305
0.6930193740
1.1745442602
1.0825588936
1.0849143914
1.0312777434
0.8863408304
1.0279430587
0.6651761853
0.8597669572
0.9223725717
0.7163499044
0.8217417961
0.8269676408
0.7505468646
0.7877960467
1.0502614922
1.0675382395
0.7677663849
1.1124941168
0.6797126594
0.7829411632
0.9266354336
0.8406111898
0.9156418153
1.4141986916
0.7251078879
0.8461384047
1.0908138068
0.8934854184
0.6262869841
0.7790931233
1.1756204819
1.1149239555
1.0985692100
1.1786204457
1.0979389863
1.0300966755
0.8183813263
0.6766370829
0.7002942075
0.8458956788
0.8003335225
0.7317693389
0.9614710602
1.0842836331
0.9390149229
0.7476247814
1.0673304616
0.7759259789
0.9923297381
0.7444003888
0.9362629492
0.8489694452
0.6994227392
0.8002800896
0.6667867989
0.7777463685
1.2537231741
1.2150157675
1.0624333799
1.0037150591
0.9113053926
1.1519695705
0.8674014720
0.8274484649
0.9415076197
1.2897467771
0.8098103428
0.8041492653
0.9495576358
1.1420585525
1.1060518445
1.0892100102
0.9448508889
0.9222760389
0.6844374994
0.6568341694
0.6799941624
0.9018874590
0.7496517050
0.7661224329
0.8224237515
1.4721783432
0.7272148351
0.8172104332
1.0194567410
0.8992134758
0.7121201446
0.9286992721
1.1971732437
1.1408178601
1.1214607844
1.0875465867
1.0358107641
0.7957412921
0.7806448693
0.6656906595
0.7957428961
0.8506112585
0.8141034678
2.2373503514
1.0398848865
1.2769170934
1.2101812580
0.6623759143
0.9620952206
1.1803176225
1.1059284406
1.0671446935
1.0089813682
0.9808531130
0.9878739331
0.7279476635
0.8792143002
0.8289607854
1.1219587354
0.7130760084
0.7149696164
0.7011040703
0.7270499100
1.0607356604
0.7950835585
1.1592714852
1.0183163692
0.8799734099
1.1048475154
0.6763558822
0.8295052123
0.7752214717
0.6952537871
0.7594537346
0.7773223389
0.8056931424
0.9293464807
0.8741873640
0.6411519791
0.9755890025
1.1296061412
1.0898031035
1.0699662850
0.9867541303
0.7836739597
0.9301510374
0.6626392236
0.7299853953
1.2369045862
0.9502329935
0.8421003148
0.7205936554
0.6112167229
0.9449074785
1.2739915288
1.2020688134
1.1700863664
1.0219654147
1.1282022148
1.3806604694
0.7626417971
0.7884901008
0.7122008244
0.8094576938
0.6727910609
0.7097123654
0.9848126897
0.7544018349
0.7487789212
0.6798074994
0.8758232742
0.9407861653
1.2713840505
1.1279936738
1.1052067448
1.0666171231
1.0476199918
0.7168242106
0.6756732739
0.9242889791
1.0021616102
1.1546023580
1.2200490652
0.8446517281
0.6384592937
0.6372473970
0.6843953495
1.1043404411
1.0854699022
0.9690015196
0.9914279353
0.7046477384
0.6433233476
0.6734295517
0.6851011931
0.8828891623
1.4711234938
1.0257604324
0.6978355609
1.0829127652
1.0429285152
0.9114454614
0.7245783268
0.6640701234
0.6905593443
0.7415328677
0.9290288004
0.6980053384
1.0478494460
0.9452919330
0.8290008201
0.6771252067
0.6915868203
1.4621860701
0.7785415701
0.7608651124
0.8228344728
0.7097252853
0.8765806582
0.7664597313
0.7658751680
0.9238023098
1.5498188126
0.9733423865
0.7216080917
1.1436259777
1.1280866344
0.9911435500
1.0719868922
0.7411458021
0.6640224361
0.7643362421
1.0245299045
0.8286176723
0.9714272718
0.8252634838
0.7388453448
0.8635607995
0.9884924788
0.7606487503
0.7285149435
1.0311098001
1.0112841759
0.6692392648
0.7924886152
0.7092225060
0.7664168147
1.0335541663
0.8143451338
0.7992076586
0.7976014383
0.8788545955
0.8639047150
0.8815704051
0.8546983323
1.1536011700
1.2037708249
0.7229503314
0.7168731578
0.7708824876
0.8528643473
0.8508164351
0.6755976714
0.6139809360
0.8512681042
0.8775943005
0.7968927124
0.8025804051
0.6556615460
0.8413143469
0.7388635499
0.7537169596
0.7509964119
0.7277090181
1.9271375763
0.8488299862
0.6684796023
0.8315922016
0.7573558409
0.8464974593
0.8949456002
0.7617538170
0.9294779024
0.8867069144
0.8234760347
0.7505568619
0.8573090456
0.8700308314
0.7306206371
0.7076514604
0.7001221456
1.2603415967
0.7059790109
1.0847292734
1.5244294194
0.7040939860
0.6772688677
0.6783663589
0.8895973390
0.8672352929
0.7256789201
0.9804312157
0.9316841810
0.9369744083
0.7090230012
0.7662447449
0.8461505324
0.7150864806
0.7347227742
1.1454992137
0.8220836902
0.7765700466
0.8675847711
0.8970315595
0.7815535091
0.7500368852
0.8033690850
1.1160796151
1.0078108206
0.9293039674
0.7192981943
0.9018150872
0.8651707254
0.6066096984
0.6440263092
0.9598885859
0.8491813925
0.7097924995
0.8625698129
0.9576711022
0.9116497386
0.9603684730
0.7941061823
0.7516108337
0.8484169220
1.0032228410
0.7667758450
1.5056666103
1.0382214022
0.8123156188
1.0060412118
0.9398915253
0.8992874707
1.0102464452
0.7602711166
1.0233240184
0.8442899026
0.7137905669
0.8825606599
2.0945757756
0.7999061798
0.7756437315
0.6740959280
0.8101964318
0.9478577922
1.0688195948
0.7314554483
0.7376185494
1.5209982987
0.7801127366
0.7727934442
1.0903932549
0.8850918721
0.8633845239
0.8696188886
0.7270591533
0.7903791387
0.6884669600
2.7612046175
0.7552437565
0.8350061783
0.8118888865
1.0349970391
0.8546771974
0.7680199311
0.7903642869
1.1405111725
0.9830536683
0.7636155878
1.9616277155
0.7411892714
2.0596756517
0.7839928863
1.7237857551
0.9213761681
0.8092069436
0.8865023711
0.8629190755
0.8386240018
0.8410292849
0.7979464801
0.8608237588
0.8426959903
0.8528690913
0.9499149314
1.3674202880
0.7396430912
1.0274801162
0.8021976490
0.9407753114
0.6383890411
0.7660300623
0.8582999474
0.7818208469
0.7935971359
0.8661081454
0.9323497511
0.8728295479
0.6724354801
0.6448329224
1.0253601788
1.0683371188
0.8815661536
0.7554968374
0.7492762470
0.8801948858
0.9089260212
0.7469177929
0.7801656595
0.8040550208
0.7675980117
0.7119433373
0.9551181054
0.7405536191
0.9224022009
0.9998439306
0.7977480507
0.7553846828
0.8781139732
0.8176194016
0.7539218037
0.7401130670
0.8737336443
0.7973333138
0.9307558357
0.6507105078
0.6968454668
0.8862495806
0.7708624155
0.8221550185
0.8217973841
0.9054759821
0.9793911527
0.7643146445
0.8018102292
0.8426845780
0.6374168147
1.2724549476
0.8349994097
0.7719858817
0.9131686252
1.1706610443
0.7796993771
0.8130977371
0.8062575014
0.7790501118
0.7715912130
0.7422585817
1.2317903887
0.7543604200
0.7284924823
0.7334478201
0.8062519189
1.4458328320
0.9885510974
0.9937633198
0.7289329602
1.3836790114
0.6619071328
0.8890612707
0.7563686988
0.9553637480
0.7725352725
0.7611922136
0.8285405604
0.9394728208
1.0559189037
0.8611583253
0.6595975099
0.7650683765
0.7363510306
1.2148081752
0.6579483806
1.0406185987
2.3045316563
0.6831880490
1.1486737072
0.7921012617
1.1868042284
0.7564315222
0.7385437325
2.0842307943
0.7351049117
0.8208648572
0.9390291680
0.8550885084
0.9880091699
2.0409275123
0.7131233742
1.2455153866
0.8816462797
0.8589157710
0.7716439975
0.9583775349
1.1203240808
0.9436761402
0.8410795975
0.7485105891
0.9039488608
0.9102945259
0.7239699331
0.8816774933
0.7468589341
0.7461957790
0.8284403215
0.8848435247
0.8517618786
0.8066965726
0.8217014538
0.7991558026
0.7199506185
0.7311413737
0.9587479397
0.9968341916
0.7400237005
0.8202342754
2.1334561053
0.9269856472
1.6519711629
1.0115407100
0.9961919512
0.9574230826
0.9684359013
1.2522401984
0.7084848439
0.7766707835
0.6667330951
0.7741204688
0.9738726719
0.9753798348
0.8660419042
0.7307840852
0.8387347229
1.1181154117
0.7221443788
0.6251061623
0.9906643104
0.6839500860
0.9734062437
0.7881015547
0.7976496251
0.7321814537
0.6954128292
0.8667431228
0.7422353035
0.7638123693
0.8003291727
0.9330861611
0.7854440773
0.7922363035
0.7135811933
0.7760164117
0.8699267634
0.8415553136
0.7056992162
1.4284875782
0.9122907597
0.7250979122
0.8606964009
0.8667367099
0.8485914566
0.7635766052
0.9399364578
0.9658265054
0.8174219508
0.7585943437
0.7523715830
0.8075487973
0.7967224972
1.0138838991
0.7080131443
0.6868405932
0.7138772028
0.8898243786
1.0322820343
0.9758273263
0.9177652065
0.7400763242
0.5778592959
2.7364842315
0.7154960978
0.7167186228
0.7295510695
0.6773921985
0.9995840664
0.8826571114
0.8479355060
0.7195704946
0.6529432846
0.7200014302
0.7411359728
0.8469913089
1.1084782525
1.2570659440
1.0062975394
0.8336552249
0.7801472398
0.7074864013
0.8690128431
0.7357378239
0.6533506049
0.7430513585
0.9014268528
0.9903938402
1.3999871466
0.7665471101
0.7767506656
0.9127908003
0.8665392095
0.7155119281
1.2616814128
0.7950223270
0.8287329620
0.7887782277
0.8612099742
0.7264729853
0.7231173828
1.2544032081
0.6863213951
0.9635585250
1.4526117014
1.2597609922
0.7221006413
1.0306470509
1.0913417770
1.0337058700
1.0088169952
1.4491610538
0.7928083430
0.9544040904
0.9598211670
0.9090655326
0.8056166569
0.7658782807
0.8878674485
0.9464589315
1.2081686720
0.6333211424
0.7272992874
1.2880471778
0.7764028695
1.0620489938
0.8022560188
0.8052353044
0.8325889464
0.6440551737
0.9345885916
0.9575190231
1.7950219623
1.2694125084
1.1788592322
0.7186074080
1.1223421536
0.8434273345
0.7401226259
0.6909127265
0.6571546848
0.8064848004
0.7615578142
0.8932705955
0.9688356530
0.8533737918
1.0126385950
1.0298980346
0.8054214774
1.1775268899
1.0321033735
0.6691195610
0.8189741400
1.1579663644
0.7945185456
0.8955123696
1.1239917738
0.9076218755
1.0641170768
0.7609412274
0.6586819362
0.6321965138
0.6619135745
0.7469968688
0.7147777355
0.9984321768
0.7495481310
0.8695608948
0.9463118099
0.6767365027
0.6288015015
0.6275597184
0.6542011851
0.7069284774
0.7621242026
0.9207357476
1.0070671964
1.0155398487
1.0358083539
0.8568903077
0.7367517100
0.9775136315
1.2297359539
1.1235880426
1.0950786809
0.6429639682
0.6709549673
0.9451151013
0.9775838525
1.0000913965
0.6301732536
0.6630903767
1.0663915882
1.0043027113
0.6557767513
1.2125750208
1.1642638672
1.0756482884
1.2390914530
0.6285374299
0.6295916253
0.6374117392
0.6611770215
0.6876315022
0.8024122630
0.8651204478
0.8046386561
1.5492498345
1.6712593740
0.6778985709
0.7002027697
0.9731346452
1.1054345329
0.6292231043
0.8293673495
0.8310398510
0.8118054872
0.7841309725
0.9275478032
0.6225790690
0.5974834666
0.7279688399
2.0204439029
0.5997846040
0.6387795864
0.8814234260
0.8971688658
0.7990865368
0.6796574382
0.8221973517
0.7392914358
1.0296498219
0.7039859676
0.8562704522
0.7106315578
0.6355798823
0.6627094425
0.7522826563
0.6753396777
0.7127369304
0.7164592436
0.7226102349
0.7286357840
0.8160553082
0.7392049726
0.7322818233
0.7424515904
0.7550513612
0.7678971781
0.7312825100
0.7462994393
0.7473546123
0.8314434724
1.5995958612
0.7557303565
0.7589809641
0.7658066512
0.7632807360
0.7660867813
0.7269627087
0.8211328860
0.8142403194
0.7829743933
0.7794589504
0.7789318394
0.7841149105
1.5089479255
0.7880846309
0.7872675539
0.7888982446
0.7816463186
1.7337147617
0.7398558412
0.7513221930
0.7976293500
0.8037515689
0.8006295377
0.8067608483
0.8054516993
2.2152600486
0.9562052251
0.9668641672
0.7423856669
0.6951142821
0.7383432901
0.8107351485
1.0209801690
0.9627278577
0.9508918914
0.6799315535
0.6665338375
0.8767959259
0.7996168361
0.8245496885
0.8184249217
0.8183225797
1.6397620860
0.9555867385
0.9634147958
0.8793401466
0.8337460317
2.6576651811
1.1722421745
0.8045283624
0.8425266694
0.7365750838
0.8272117889
0.8332667001
0.8199764953
0.9429388220
0.8594281867
0.7929317058
2.2877772326
1.0166125087
1.1269682455
0.7808599341
2.0407980149
0.5910512302
0.5901784977
1.0409722622
0.9122431885
0.7780794146
0.7316338927
0.5860980288
2.3744778999
0.6528522505
2.3653454856
0.8001631226
1.8666587232
1.2526215284
0.6966968721
1.0169213390
0.8315375793
2.2479546191
2.5511412255
0.8724883352
1.1550840678
0.6852071326
2.7187851961
0.6074250953
0.7979380559
0.6746185604
1.7628033538
1.6736874676
1.8275694005
1.7606135772
0.8573107526
0.7595897546
0.9212037143
0.7755652825
0.8129613875
0.5793800634
0.9501509312
1.6453361750
1.8021980466
0.7785300966
0.8260920480
0.8121844001
0.8710932172
0.8152506847
1.4725854624
1.1714393936
0.7992643743
0.7906564093
1.5367899249
0.7649002075
0.9889728849
0.7084912375
0.7620124610
0.7651915632
0.5942719246
0.9632100850
0.7149023961
0.7438543774
1.7672681084
0.7476277588
1.4423491053
0.7651957516
0.7939646728
0.7924525026
1.3841747319
0.5774994905
0.7451360183
1.6563481124
0.8863504659
0.7448226462
0.6457245043
1.5574449981
0.6371722605
0.7975628121
1.0012266331
1.9577665022
1.3321765817
1.5191978827
0.6892014442
0.7825870785
0.9374177402
0.8336902922
1.5319306685
1.2798817577
0.9426528296
0.8663391684
1.3445482128
0.8247219316
0.9525107386
1.8149186791
0.9250204432
0.9346701042
2.2562954585
2.6767518846
2.5386252200
0.9482359919
0.8457442617
0.8664078145
0.8047772003
0.8486827241
0.8309112807
0.8766338867
0.8993837932
0.6985947411
1.0253084852
0.8453416368
0.7810342364
0.9001950325
0.8080594228
1.9644365017
2.0431530467
0.8410054076
0.7652595668
0.9536945351
1.8549114019
1.6128047774
2.3438061417
0.7528005187
0.8047995090
0.7578428266
1.0502751145
0.8470849765
1.5953445359
1.0624020350
1.7793924489
1.7275237701
2.0616889221
0.7736215735
0.7326141523
0.6012592747
0.8607481473
0.7399710752
0.8519555387
0.7073487834
2.3177592452
0.7491203270
0.7887797235
1.2983390236
0.7774321161
0.6490660334
1.5786779269
1.6347524257
1.5505991684
1.0989632896
1.0876903296
2.0315876838
0.9086738869
0.8024224127
0.8086137675
0.9584621629
0.7068789364
1.7453770480
0.7447054582
1.5764198144
0.7993663727
1.0523656570
0.9009408559
0.7925078963
1.1530540608
1.8721441226
0.7984079916
0.7685019023
0.9561962522
0.9521794520
0.8664640821
0.7954371269
0.8876157522
0.6178977836
0.6460329264
0.7962863279
1.1280855299
1.1238911629
0.7538967858
0.7419584790
0.9013145065
1.1125291523
1.0989932880
1.1236260220
1.4599569493
1.5336258273
0.7679616605
1.6692989019
0.9066623623
0.6300435541
0.8546009650
0.8550072541
0.7244115486
0.6635246129
0.9730427074
0.8144884796
0.7479590035
0.9481651690
0.6537745251
1.2664408183
1.1190753306
1.5591822780
1.5057722915
0.7044717754
2.7734565431
0.8065012811
0.8934301266
0.9298101615
0.9512378734
0.8043640812
0.9921046467
0.8630424497
0.7346341424
1.0983433201
1.2386892203
1.1982805810
1.1670225285
1.6041299029
1.9768083922
2.1535920126
0.7808256892
0.6211914827
0.7101413543
0.6149538075
1.3068531663
1.1955999892
1.1589794922
2.5387644651
0.6339862269
0.8590707208
0.7470210697
0.7599991208
1.2851580536
1.2248922799
0.6946035150
1.9682851939
0.6734730111
1.5627020597
0.8354573211
0.7770147808
1.1587618581
1.1594428195
0.9524577308
2.0829462084
0.7656095375
1.7077295866
0.5804404439
0.7861702639
1.3030470045
1.2857039176
1.3021117806
1.2262243220
0.6236689814
0.8412477685
0.7792292747
0.8176405402
0.6347810904
1.3144396338
1.3244415217
1.2231394466
0.8841070706
0.8520874352
1.1263119182
1.2904491328
1.1870982285
0.8754111218
2.1150523387
1.9217833379
0.8274572197
0.5730295943
2.7452006889
1.1925455458
0.9580069118
1.0391707476
0.8799124202
0.8919034736
0.7357061561
0.9043326701
1.8982333518
1.3016788113
0.6564376570
0.9175783632
0.8719176655
0.8313935900
0.7772164573
0.9382190629
0.9129534408
0.7569688208
0.8961924889
0.7043155154
1.7455588359
1.0121149537
0.7921711223
0.8628636008
0.7427275091
0.8378263586
1.3877199007
1.3825781194
1.2734996016
1.2354803303
1.1973924618
0.9533608177
1.0667362565
1.3264035163
0.8345354270
1.1009074950
1.4247989910
0.8453003280
1.3326888567
1.1345391620
1.1101637298
0.7467954710
0.7045554872
0.8339494429
1.4583230089
1.2360776705
1.2306147218
1.0455799696
0.7517211654
0.7647359438
0.8461193083
1.3816232497
1.2670151156
1.2544108947
1.1790385138
1.0026250447
1.0637361047
0.7366107573
1.3095087986
2.1170854633
0.8782512003
1.1414697939
0.7194541965
0.8352405364
0.8386538253
0.8101756697
1.5476480249
1.5153454976
1.4252005486
1.3455021228
1.3478632916
2.3851024071
0.8364057007
1.0699488248
1.4887359107
0.5947309968
0.7645870201
0.8348536865
0.8551088237
0.8476621213
1.4024037634
1.2845885654
1.2727091363
1.8034581842
1.1503054571
0.8272403986
1.3283741573
0.8300838289
1.1222047537
0.7927277075
0.8517465120
0.6498865102
0.7866406644
0.8012057200
1.6795759566
1.3688395263
1.3271388965
1.3071698605
1.0306092508
0.8630559663
0.7558740336
0.8134089487
0.8340415695
0.7343999212
1.6550465131
1.5806631506
1.5756044223
1.4509893033
1.4144254382
1.2812457748
0.8461276174
0.7977213944
0.8168318684
0.7668454989
1.0724276420
0.8409326825
2.0970906910
0.7158989528
1.5159327872
1.4616133722
1.2342104636
0.6665223113
1.3234760412
0.7580367489
1.7229861022
0.8295770367
0.8244199712
1.2661178318
1.5089548458
1.4040412326
1.3838966063
1.3111415012
1.0668776256
0.6094367963
0.8527013642
0.7900279710
1.2035897757
0.6129943713
0.9400996989
0.8162999119
2.1379870230
1.2882943341
1.3471180524
1.0505346299
0.8186890261
0.5918748409
0.9729793253
0.9179646360
0.8307743218
0.8267118223
1.6437698033
0.8247063045
0.7868528534
0.8883852461
0.8402396670
0.9931894118
0.8132713483
0.8713959588
0.6509350845
0.8430351899
0.8537148486
0.8247926219
0.6650871329
0.6233882321
1.2477413722
0.7833510914
1.1710379048
1.1734436501
0.7006758869
0.9842598221
0.8482584510
1.5765279468
1.0512337371
0.9008468733
1.1771704652
0.6518918099
0.6296483332
0.8916504823
0.9666870000
0.9280139972
0.7401121201
1.0336775894
1.2551791939
0.7887915016
0.6564014206
0.9366490125
1.0332241137
0.9559909508
0.7150696291
0.7773046687
0.7031453339
0.7977877254
0.7670232131
0.9460232847
0.8081439011
0.7118766552
0.8622447740
1.2504985187
0.9419019575
0.8922807597
1.1439529685
1.0978368222
0.6850375714
0.8866513824
0.8009520679
0.8736656553
0.7069229369
1.0878253126
0.6952979044
1.0785835912
0.8416238752
0.9088507461
0.7355069354
1.1987630311
0.6419091339
0.8661545012
0.8030281850
0.8326486939
1.3033088241
0.8783078535
0.7092949122
0.8474344194
0.7449770200
0.7523607101
0.9181563780
1.0291296656
0.9664309979
0.8920364452
0.7591060581
0.6779275508
1.0882174988
0.8105554601
0.7719135375
0.7575535223
0.7667766994
0.8633579686
0.6942207196
0.7239326980
0.6976375258
1.0270201871
1.0777136131
0.8276377816
0.8262928553
0.7823637612
0.8049145123
1.0973255648
0.6321810142
0.6472967141
0.7532675277
1.0391759073
0.6879256064
1.0348878181
0.8808177916
0.9141760956
0.6862438901
0.8413855446
0.8725127159
0.9824300519
0.9066638072
0.7143935931
0.8680616928
1.2034252590
0.6898180188
0.6850696144
0.9066602385
0.9981877386
0.7884331810
1.1592611946
0.6288737533
0.6273759926
0.8779937804
0.8678888238
0.8783687618
0.7539086293
0.6959118410
0.8108515767
1.0197049739
1.0604929081
0.7100207519
0.8623831956
0.9830831722
0.9016171367
0.7162757362
0.7972720572
1.0541491186
0.7771951195
0.8667081274
1.0626471530
0.8089269146
0.8045937851
0.7489266311
0.7387545140
1.0341458160
0.6641256423
0.8002055344
1.1241998527
0.9515307685
0.9126206115
1.0894596749
0.6670000887
1.3050486524
1.1284690146
0.8761001518
0.6499712659
0.8710865243
0.8257692490
0.6274056478
0.7577912496
1.0058323325
0.8470717802
0.7058344407
0.7114412726
0.8873297722
0.6483566007
0.7109043240
0.7427451244
0.7053140049
1.0046759970
0.8208346890
1.1641660078
0.8708472777
1.0794243010
0.7052104157
0.8876495798
0.8749371688
0.7204775540
0.7997892421
0.8184783241
0.6314758897
1.2566725656
0.8448485151
0.7117546951
1.2275806997
0.6431015134
1.0994582317
0.6982328951
0.6998222198
0.8695523711
0.9057394529
0.8171644835
0.9463933706
0.7351851826
0.8382411418
0.9378763149
0.6520934714
0.8726427476
0.9611570535
1.2880216012
0.7322491120
1.0758721165
0.8788270776
1.0117309584
0.9226229760
0.9044402772
0.6720345953
0.6596158832
0.8549012735
0.6887596859
0.7357781363
2.2347197737
0.6988963918
0.8425080578
0.7159481367
0.8062261081
0.7153783717
0.7141780844
0.7820795952
0.6994604026
0.8273780884
0.6555478086
0.7224240436
0.8977245198
0.9249243902
0.8053697769
0.7243030120
0.7177251298
0.9331429173
0.6563424891
0.6593411624
0.6222756885
1.0911098845
0.5868894414
0.9711164298
0.9235056734
0.7948107455
0.6458713403
0.6678545148
0.6635409093
0.6855096318
1.0116302877
0.7761171914
0.8890517746
0.6444306598
0.6636614480
0.6766512515
0.6628861228
0.6620329094
0.7976475652
0.6955114120
0.9159018593
0.8941638563
0.9281616614
0.6335346529
0.8152407759
0.6501854900
0.6969909036
0.9026622065
0.9753212879
0.7019993782
0.6944562304
0.7915165509
0.8788870560
0.8777468792
0.8735297072
0.8772700639
0.9324460119
0.8436767429
0.6982903473
1.0083119584
0.8795210953
0.9854526179
0.8214392551
0.6591085219
0.6777215024
0.6736086952
0.6741503084
0.9487789641
1.1571196985
0.7050603275
0.7184266158
0.7128511386
0.9503902192
0.9797734368
1.5351261939
0.6522924761
0.6998440262
0.8760999794
0.9766782345
0.8336336322
0.8656819840
0.7401293575
1.1420307648
0.7344553580
1.7078791943
0.7198916863
0.9963940366
0.8010381506
0.9585668575
0.8248905367
1.2003042760
0.9056401581
0.9168447051
0.6333531473
0.6376891554
1.0101512646
0.6940315028
1.1930686104
0.6155193545
0.6930037572
0.7102954807
0.7291018792
0.9688842862
0.8767650579
0.8060462956
0.8001216718
0.6827583519
0.6691858164
1.2981199940
1.1057264160
1.2053401016
0.6418077252
0.7074675276
0.7800114608
1.0985344299
0.7457462766
0.8715272945
0.6836018433
0.7238386744
0.7955059222
0.8098275019
0.8213463196
0.8421037814
0.8095088838
0.8160073937
1.2161244190
0.6587737696
0.6487678906
0.8363088816
0.6961731848
0.7027769221
0.6267742199
0.6776011696
1.1597609740
0.8173202084
0.8414819786
0.7069222449
0.8774650812
0.9676126078
1.2049734437
0.8762912353
0.6573944260
0.6404234826
0.6824251817
0.6498572759
0.7042173881
1.2087472962
0.8254345273
0.6551377034
0.6768313252
1.5174241290
1.4861218408
0.8535070983
1.1465512385
0.8108874637
0.8373991175
0.6623641311
0.9153792147
0.7440459891
0.6408862527
0.7111187260
0.7075654222
0.7059917163
0.6797404274
0.8207796284
1.1823386498
0.6482130487
0.9595584159
2.1807624509
0.6662820157
0.6954300459
0.7069304633
0.8815676881
0.6399210570
0.6927450770
0.6963521927
0.7920165816
0.9170597292
0.9141113718
0.8658052332
1.0180045448
0.7013456487
0.7905178212
0.7991856125
0.8050644927
0.8498817760
0.7148020229
0.7833542387
0.8323568132
0.8787248272
0.7405424495
0.8764470413
0.9567597436
0.6244683459
1.6123820199
0.7864566733
0.7962602332
0.8670752390
0.7920314766
0.7872006489
1.1315577200
0.8850135871
1.4014475211
0.7154207423
0.7085623499
0.7242465630
1.0395977388
1.0068702651
1.9335641036
1.0230147565
0.7481196498
2.0605583902
0.8953137643
0.7689673384
0.6146484939
1.1860838349
0.8918330860
0.7520387161
0.8511839245
1.1910834641
0.6763388056
2.0517025013
2.0407284915
1.8545272540
1.2261991370
0.8118773615
0.8229908821
0.6827081358
0.8029981148
0.8831224682
0.8560532327
0.7054946467
0.7059236941
0.7084127190
1.0187476787
0.6584024136
0.6911994791
0.7338101114
0.7573183090
0.8243087236
0.6708256241
0.7267302865
1.1931654960
0.8032649879
0.8417708150
0.9458219893
0.6633603179
0.8667981772
0.8856992850
0.8151984409
0.6834920569
0.9491804630
1.1100449610
0.7982418613
0.8419648110
0.6774358473
0.7197401307
0.8017419726
0.7478680022
0.8221950868
1.1855524597
0.9555866837
0.9432178780
0.7436041958
0.6900356676
0.7162702494
0.7712655397
0.7953320662
1.0692052135
1.6159911881
0.7016408173
0.9348391007
0.7897558886
0.8213063496
0.6776348735
0.7098857598
0.6470182403
1.9246339137
0.6990162895
0.7136796538
0.7753780901
0.6998446032
0.8260974475
0.6370725764
0.7176030286
0.7054885669
0.7942913059
0.8073451925
0.8421770349
0.7043001264
0.6961602673
0.6941125510
0.7048862558
0.6176868236
0.8760630448
0.9436828014
0.9383596666
0.9194281042
0.7219570249
0.7130983233
1.4115580943
1.2446055051
0.8084590981
0.7022457808
0.6973071827
0.7008806605
0.7001105775
0.7891981429
0.8302889720
0.8706266874
0.6787748790
0.6914864619
0.7628588412
1.0424615805
1.5525743628
0.6436606912
0.8269342818
0.8342151253
1.0356385018
0.7072960288
0.6981065852
0.6983766000
0.7111935840
0.6597635369
0.7835898082
0.6900451481
0.8833806197
0.8130738397
0.8335038188
0.8567150759
1.0465843354
1.0653649945
0.8380285849
0.8618179602
0.6997902566
1.7200337917
0.8166946971
0.9564194858
0.6951866821
0.6971989683
0.6272764503
2.7484408971
0.5914783344
2.5423584534
2.6206502394
2.2700988558
2.3452147533
2.4412096726
0.9017910639
2.0354869222
0.6382130126
0.6232776156
1.7706005857
2.1424366063
0.6247835718
0.5776659114
0.8246294083
0.6095580641
0.5953949554
0.5911245545
0.5849656525
1.1868565923
0.6700237789
0.6562342471
0.5781171646
0.5748348091
0.6501729447
0.5870103635
0.5800657348
0.6608274523
0.6297159968
0.6233586343
0.6081076978
0.5979371553
0.5819772942
0.6478791658
0.5956473550
0.5854837200
0.7665147261
0.8382331904
0.7134830529
0.7003157701
0.5962805956
0.6028616475
0.5892454163
1.5767872991
0.6307481935
0.6175309009
0.7272923422
0.6890378087
0.6591784425
0.6167741180
0.6062675276
0.6033990733
0.6007734823
0.6944394451
0.6776161195
0.6481626620
0.6283439880
0.8205054460
0.6462676877
0.6173065850
0.6260572236
0.6439077774
0.6175011850
0.7500710940
0.7349043986
0.6536001707
0.6250785810
0.6241174836
0.7203883395
0.6887148714
0.6782474445
0.6462243014
0.6345011236
0.6680260056
0.6684476649
0.7422980220
0.6463748343
0.6122859446
0.7238816591
0.7345599548
0.6868610509
0.6415679730
0.6372900129
0.7525108825
0.6587667735
0.7936190343
1.1832636255
2.4626245576
0.6652481300
1.2934308519
0.7198323467
0.6759602643
0.6534801923
0.6598779432
2.7664379830
0.8187681184
0.7567367680
0.7929368651
2.8098355198
0.7546285412
0.7324560791
0.6607428304
0.7365543407
1.6706375925
0.7716763890
0.7168573012
0.7021421877
0.6859410370
0.6904972318
0.6705542316
0.6579281434
2.3917872799
1.1814002354
1.2250429547
1.2620735415
1.3494707790
0.8013216984
0.7765975865
1.4722559784
1.9384309675
1.0465548633
1.1107243387
1.2302166339
1.3133809645
1.4661091286
1.8905319522
0.7684021857
0.7542591832
0.6772311808
0.6707831639
1.8455840801
1.1027329526
1.0704379971
1.1445284549
1.1846323248
1.3663348873
0.8119495952
0.6988890764
0.6906348089
2.1462983063
1.0375977723
1.4482012693
0.7888009821
0.7220876310
0.7324862959
0.6767167596
0.7678002678
2.2313163861
0.9685961287
1.0362173027
1.0653921737
1.1183712315
1.1617426258
1.1944857921
1.2392544201
1.2991032964
1.2566854339
1.3338202399
0.7725763139
0.7803368136
0.7498983243
0.8005382811
2.2125038192
2.5855991317
0.9515715342
0.9832275131
0.9903885842
1.0997461863
1.4220053634
1.5459730824
1.5414736803
1.7191822483
0.7683793224
0.7913894874
0.8099999330
2.5339228372
2.5120837316
1.2507181182
1.4708316646
1.4417241851
1.6549513169
0.7793692133
0.7631156979
0.7050662920
0.7067164912
0.6974181689
1.1881909341
1.0153972426
0.8131712082
0.9066559409
0.7335627914
1.9392914554
1.1452258308
1.1091545130
1.2017513078
1.2476735964
1.3231586166
1.3563613412
1.6464340652
0.8107640055
0.7270374284
0.7185035714
0.7952283030
1.2173540237
1.6507632832
1.5613369407
0.9944507340
0.7198872498
0.7301042605
0.7487630268
1.4796984301
0.9666205008
0.9443476854
1.0601254250
1.1901592951
1.2821677059
0.8661071554
0.7164301443
0.7619055253
0.7868494123
1.0117359941
0.8051799531
1.0021016783
1.0881316958
1.3672423106
1.4944691059
2.7081691016
0.7963375183
0.7445953547
0.7173912486
1.0357901928
1.0423473750
1.1088081163
1.1466548923
1.2310886831
1.2778334820
1.3270876655
1.4922726132
0.7446656579
0.7900018415
0.7667332149
0.7733993176
0.7442569873
0.7350062886
2.9665196727
2.3616926410
0.7656815727
0.7109854156
0.7445715674
0.7721792203
0.8002520675
0.9014737347
0.9259105593
0.9620448877
1.3974899359
1.3626232361
2.8132946111
0.8558069439
0.8157057586
0.8147167678
0.8050817169
0.8039027007
0.8940436245
0.7638420259
0.7236121466
0.7348512107
0.7786067603
0.8870470963
0.8823033398
0.9034059259
0.9226068702
1.0877833074
1.1925143085
1.3112059473
1.3161544576
1.3611031530
0.7495992324
0.7524211852
0.7471054579
0.7253493991
0.8462520013
1.4857657451
0.7817730249
0.7587344362
0.8454579653
1.1314280337
1.0996788202
1.1801120318
2.0742031191
0.7981931147
0.7239232118
0.7153387476
0.8423765622
0.8283352907
0.8711294566
1.0600006103
0.7909943541
0.7752404184
0.8086216752
0.8938162964
0.9068791943
0.9424144708
0.9974511437
1.0300935369
1.1980011084
0.7289698934
0.6748625133
0.7014906706
0.9951962730
0.7244813608
0.7648233351
0.7788668393
0.9459513865
0.7787396395
0.7682432267
0.7454552978
0.7677612911
0.7398465389
0.7345080599
0.7591092131
0.8218032411
0.7812857716
0.9797881840
1.0638617486
1.2408161936
2.7254618667
0.7852949938
0.7461647930
0.7205871158
0.8248173011
0.8220314602
0.7991546887
0.8101930512
0.9043236302
1.1869197720
1.0498252417
0.8085591313
0.9007205363
0.8585468947
0.9141736602
0.9297256272
2.1143602736
0.7246963725
1.0152904279
0.7142541869
0.7861624993
0.7731539479
0.7348975936
0.9950862496
1.0983447698
1.0695341585
1.1240470015
2.2459398393
1.3314758279
0.8660714365
0.7566467962
0.6695665531
0.7248630879
0.8672666121
0.8632176392
0.8615072966
1.0099079007
0.8559064432
0.8345037951
0.8327782274
0.8043826770
0.8104880746
0.7823252528
0.7656295799
0.6876309395
0.6627354369
0.7717862837
0.7972805848
0.8179330167
0.9391220202
0.9666052926
1.0232214642
1.0456297337
0.7785015169
0.7974473956
0.8053810698
1.5096034594
0.8468344735
0.7640271143
0.8176759225
0.7991775123
0.7744866182
0.7384272917
0.7322017955
0.7478763554
0.9265472884
1.0910234498
1.4232415159
0.7425354039
0.8349272224
0.7252592703
0.8591728937
0.7135414989
0.8967253306
0.7815438442
0.7174501241
0.7281523888
0.8050909802
0.7904512404
0.7743867886
0.7560206015
0.8415527832
0.9925784696
0.9784237374
1.0579989051
1.0760453724
1.3613136069
0.7231268082
0.7369464647
1.4768228036
0.7416901288
1.4141378839
0.8799508266
0.7219756831
0.7520662736
0.9293418924
0.8364243061
0.8421371235
0.8216461861
0.8241706490
0.7060230131
2.3384481150
2.8445866557
0.7778613836
0.6658922352
0.9573140856
0.9873198423
0.8641268231
0.8876623514
0.8442102061
0.7334912696
0.9061514574
0.8783054757
0.8546793971
0.8566642892
0.8490058209
0.8161442476
0.7981507889
0.7118315007
0.7463864213
0.7322286651
0.8081873026
0.8109819756
0.9349007014
0.8560479644
1.0030933627
0.6875020804
2.6579138883
0.8001469516
0.8014532234
1.5586069182
0.9234226549
0.8994424636
0.8328575747
0.7690264618
1.0841317868
0.7635012379
0.8541137352
0.8342393830
0.8022848491
0.8013913627
1.5901608681
0.9405764122
0.8228347158
0.8353632116
1.5557555489
0.7032749165
0.7202807199
0.9440798281
0.7019111667
0.8268287397
0.8675073736
0.7583846553
0.7586870427
0.7818829519
0.8356164360
2.1362029042
0.7367405333
2.6189518459
1.4048230859
0.9371146979
0.9657345675
0.9922547315
1.0281612017
0.7109499282
0.6988146413
0.7133114725
0.7034508555
0.7302239055
0.8050326984
0.8089965186
1.8404844999
0.7248294996
1.7622362239
0.7222359658
1.6229104484
1.2844842764
1.7266916148
2.4946861095
1.8701344824
2.5015054637
0.9207410007
0.9183830017
0.9469403565
0.9619367051
0.9994630671
3.0627747094
2.2117573971
0.8212237730
0.7780679606
0.8011965095
0.8493706075
0.9146825046
0.8601077807
0.8631630298
0.8540988930
0.8337134382
0.8397981471
0.7111009689
0.8661048628
0.8229124110
0.8480030858
2.0338754369
1.3443610143
2.5960595330
0.8336603324
1.5424908574
0.6484826918
0.9076488322
0.9155383585
0.9404138356
0.7383877584
1.1375117617
0.7964954498
2.7682260125
2.1186284694
0.9111568812
0.8822760213
0.9003473457
0.8186708696
0.9145656533
0.8727784244
0.7348755613
0.8225046753
0.6685464519
0.9154319400
0.9365666193
0.9451964117
0.7574000318
1.4534565052
0.8991213980
0.9622498594
0.8122467549
0.8043852206
1.3441249446
1.4846562990
2.4651387713
0.9382239215
0.7118664617
0.8603475542
0.7171710936
0.9011492372
0.8813450840
1.6077606224
2.5820300642
0.8893515642
0.8877467872
0.8915027780
0.8964518407
0.9089945295
0.9081405405
0.9124741957
1.0911206641
2.4590457583
2.9385375427
1.2188846898
2.9104073572
0.8877532190
0.8568546464
0.8310535212
0.8446392989
0.7338252538
0.9062952883
0.8103418113
0.8689251931
0.8774775155
0.8772148624
0.8819461189
0.9193890939
0.9444647732
0.9440726784
0.9682124518
1.0602383180
0.7298934215
2.6826569154
0.9132513766
0.8337892611
0.9341616762
0.9178084672
0.8931004666
1.9980194318
0.7830735917
1.8465997531
0.9013197215
0.8785130214
0.8925196406
0.8678825591
0.8657223490
0.8729411329
0.8745127879
0.8829625305
0.8849736011
0.8937613150
0.8979967388
3.0600401645
2.9895140407
0.7393906692
2.0130201998
2.0087517747
0.7969886919
0.9055911094
0.8665160220
0.8449058898
0.8546313954
0.8247808726
1.4709231737
1.7537169716
0.7388277949
0.8204606164
0.7938541158
0.8136292989
0.8723147356
0.8952334646
0.8940780986
0.8600039520
0.8689347351
0.8755706851
0.8683530512
0.9800385127
1.0308020377
0.9001194985
0.8913470032
1.8344641564
1.4676662413
2.1302509426
2.0283360995
0.7004625109
1.3767078929
0.8969209575
0.8777840926
1.0354457238
1.1641573530
0.9440725324
0.9106842631
0.7564969923
0.7151282016
0.6573673495
0.8225224407
0.9268523671
0.8894924669
0.8143562186
0.8748634234
0.8839833788
0.8894428027
0.9055834280
0.9328825499
0.9192283056
0.9735900892
0.8827673934
1.7446309456
0.8641381217
0.8379451789
0.8281054293
0.8102606646
0.9379618595
0.9270206584
0.9173034528
0.8989525247
0.7069599135
0.8761334480
0.8490889094
0.8976320897
0.9136149203
0.8782359641
0.8822041179
0.8639301657
0.8597004339
0.8574524954
0.8730363712
0.9976961655
0.8916940348
0.8818549084
0.8887139362
0.8795206314
0.8488875977
0.8307495562
0.8244061942
0.7079458757
0.5797744525
0.7854545922
0.8658222710
0.8620937170
0.8551198643
0.8494982382
0.8503707772
0.8615352548
0.9151031665
0.9403884363
0.9321714852
0.9545969457
0.9849498202
0.8668945013
1.3502949030
0.8611478687
0.9678957730
0.9462209194
0.9118331082
0.6882855584
0.7082290793
0.7207581850
0.7930907449
0.8103766229
0.8246327338
0.8531386029
0.7317876358
0.7516704225
0.8520341552
0.8603940809
0.8502343627
0.8565676448
0.8846069858
0.9247669375
0.9051369548
0.8891463578
0.8653149791
0.8476561463
0.8530163339
1.0284466511
0.8604896630
0.8390254426
0.8393052279
0.8340247466
0.8273908926
0.8192456277
0.5908815889
0.8731689849
0.8552690802
0.8502251545
0.8474236734
0.8381315011
0.8389546953
0.8682226524
0.8941439991
0.9546887446
0.9367079804
0.9617740939
0.9185532742
0.9437516781
0.8643376445
0.8752048199
0.8683421793
0.8544643936
0.8409510911
0.8247089944
1.2205846958
1.1976215244
0.9692759465
0.9396171552
0.9311708045
0.7267724923
0.7478477961
0.7727956176
0.9072058144
0.6903185229
1.0283610320
0.8647418386
0.8808398157
0.8781374227
0.8856164135
0.8938430197
0.9046164374
0.9208118153
0.9221712776
0.9356382626
0.8583443818
0.8380522487
0.8394655350
0.8423094784
0.8058484904
0.8412207688
0.7403331869
0.9425859719
0.6774621014
0.7178927597
1.2463177717
0.7305811172
0.8144435459
0.8933597849
1.0584159298
0.8427365162
0.8359242942
0.8406459734
0.8684862377
0.8699518543
0.6483192785
1.2763516939
1.6516881223
1.6519308344
1.8232266450
0.7410517480
0.5850737368
0.7092913837
0.8811680943
0.5940614390
1.4612189429
1.4093709467
0.7695823001
1.8122872313
0.7176506874
1.9570480325
2.5801188827
1.8115352226
0.7189379289
2.8473487642
0.8487964965
0.6071848035
3.0307857076
2.2823580417
0.6401805054
0.7948166899
2.9214198166
0.7444123365
0.7420216317
1.0590309463
0.9571128218
2.9206255341
1.9822174002
0.7540074596
0.7097002675
2.5533697125
2.6723482137
0.8583289235
1.3105866301
2.7163849113
1.3927455945
0.7284311157
2.4465108529
0.8330734916
0.8155142606
0.8280782650
0.8106873423
0.9031763126
2.7379014096
1.3581505512
1.5401307445
1.5349037930
0.7260318073
1.0269585516
1.1453257133
1.4209707936
1.1525596806
0.7187522694
1.6286157765
1.7579119280
0.7598789494
1.0562162034
0.8121552914
1.2719952001
0.8604274690
2.7579540483
1.3350019718
2.2367257783
1.1247595408
1.3448888319
1.3027409862
1.4227135687
0.6418575571
1.6161280492
1.7672169121
1.1304442793
2.5559293412
0.7446855771
0.5849302911
0.7986203532
1.8008622962
0.7645557096
0.7610826329
0.7689835276
1.9073749726
1.4830727477
1.2325351605
1.4795747824
1.5758947220
1.2213247397
0.6567380242
1.1918724380
2.3826949731
0.7611562938
1.3892231493
1.2564507544
1.2252609030
0.7561055438
1.4218686472
0.8333299958
0.8265478656
0.8127666487
0.9311795559
1.8193512611
1.5745142760
1.5562219250
0.8065356436
0.6605471983
1.7683914573
0.8619659097
0.7169665385
0.7775905067
0.6986212446
2.6698395194
0.7178041734
1.8135789740
1.1688050190
1.1837427817
2.8450027014
0.8316610967
1.3711521208
2.9794824240
0.7304837085
2.5486574376
1.9604096796
1.0954069926
0.6889176736
0.7035538543
2.0128102642
2.6829250951
0.7320026092
1.7372109209
0.7866089978
2.2008639339
0.8283183137
0.7364327158
0.7355870313
0.7434360672
0.9597697758
1.1109308938
1.6129997880
2.2816368440
1.7499943654
2.2567417549
3.0318781401
1.8397719657
0.7807676893
0.9569980324
1.1599235084
0.9584412879
0.9671952258
0.9956088430
1.8732175785
1.7419357159
3.0345606040
0.9605036473
0.9269728053
1.4654024410
2.9647642924
1.4473271775
2.0945944551
0.9707407367
1.6265867620
0.7274270282
0.9739065205
0.9820752765
1.0208110587
1.0362697556
1.0681591797
1.7584877315
1.4984629939
0.7434517582
2.0463169455
0.7638211488
1.8287469912
1.4347818708
1.0118755861
1.0430944793
1.0682466090
2.7547361049
2.6984776930
1.4217233571
3.0251199132
1.4908400454
1.6894671909
0.8916391460
0.7913871654
0.8076154378
0.9888787895
0.9764528698
1.0077246900
1.0235952846
0.6817854371
2.9836478680
0.9668042876
1.5715981962
1.3707824300
1.3026226534
1.0241346762
0.7925748935
0.8259223414
2.3362917280
1.9581098964
2.2304826235
2.1726786626
2.8570813763
2.7954075131
2.6243875326
1.0956329934
1.9523417543
0.7205519836
2.0469037073
1.1423376836
2.9496587037
0.6882314276
0.8428791882
3.0361875265
0.6681301940
0.8751540141
0.8081227444
1.2201307758
0.7797324941
2.3527881059
2.3713040363
2.6040358484
0.7323902733
2.3308002986
2.6255741939
2.3696961777
0.9241601356
2.5347860489
1.2383721818
1.1025212649
0.7955616433
1.4067004203
1.5252966990
1.2816532388
0.8035246469
1.5322779293
1.5492704442
1.1788328265
0.7306572063
1.1713796498
2.0732109799
1.1329150115
0.8888657411
1.3417077830
1.5822456783
1.1466410292
2.6518163454
2.8444262719
0.7761579526
2.0652317414
2.5180881543
1.8107046511
1.4709019517
1.6001512866
0.7514843819
1.3313714988
0.8928185006
1.3849807047
2.8384601341
1.9391034245
2.3513306870
1.4167658541
0.6600006898
1.5594681431
1.6675949344
1.6562685066
1.7589820975
1.7308779661
1.0951193517
1.4447279965
1.6789717736
1.7405468083
1.6537045443
0.8210462924
1.5250358405
1.0806978650
1.6217301130
1.7366227127
0.7530021081
2.2340943943
0.8058194365
1.5786804711
1.5712642928
1.6958197165
1.8309990058
0.9320482336
1.5786783080
2.9637293740
0.7808631245
0.8099916986
1.4249893182
1.5464177997
1.7316663303
1.7736599731
2.4910070702
0.8312280325
1.3551710081
1.6378009235
1.6400143720
0.8466626624
2.4895075431
2.5958664243
1.7131832712
1.8101442852
1.4399858404
2.1738629594
1.0352173631
1.7967558558
1.8551515649
1.2117531911
1.3425802708
3.0836237470
1.5464172458
2.8721612113
2.8625015417
3.1116723867
1.7510058880
1.8271485041
1.9660064155
1.9751633065
1.9273135123
1.4064866604
3.1044952330
1.5583932560
0.7972966055
0.8622482329
0.8285021934
1.8454335483
1.9118959815
1.6936617124
1.7752205597
2.0190663628
1.9392083889
0.7094852451
1.9860745368
1.5753545302
2.7327152390
2.4093238150
2.4288163180
1.0431728574
1.9100204225
1.9875412073
2.1033248147
2.1198071579
1.9919801030
2.9971088088
1.1343948535
1.6352852532
2.5743048630
2.9548422573
0.9669870501
1.8719771313
1.9386961728
2.0785602859
2.1577702497
1.6087522157
2.9280446414
2.3665087645
0.7878823004
0.8487262878
2.8172511118
1.2562302879
2.0518173051
2.1617300892
3.1349653504
2.1953084925
0.7914159741
0.7436491791
0.7412959272
0.7583090952
1.9077355487
0.7625781973
1.2189238941
2.3279287073
2.1317953712
2.2933598521
2.3098747364
2.3079648869
3.0843060165
2.6315015758
0.6474841110
2.2935442144
0.7377289575
2.0524701171
1.4097246781
2.2195240879
2.3288652401
0.7334923702
2.9550932557
0.6514843980
0.7269975090
1.7066461927
1.3117332343
2.0646632869
1.2829411270
1.4355340100
2.4339791612
2.3073157759
2.4218387244
2.0291958621
1.9676471000
2.0950244630
1.5264979749
0.6800739549
1.4407570744
2.0125743626
1.0815072395
0.7405963239
2.7779925161
0.7533265310
0.7582554928
0.7432826302
2.3619380892
2.4444888465
2.5456180727
2.2795923273
2.7757158631
0.7400763749
0.7894021462
0.7479816004
0.9400670885
0.6840074848
0.6895494397
2.5952958921
2.3054029728
2.6302940957
2.6599641463
2.4312570674
1.2179476010
0.7670901172
1.3095214662
1.6065842458
1.3777060375
1.4824304947
2.5758417948
2.6918592429
1.2891509273
2.3995738290
2.8632996725
0.7696521029
1.2100361270
0.7896205340
0.7428033731
0.7564761067
1.9284409312
1.2400826769
2.5695330180
2.6784819540
2.7230457140
2.5741040166
2.4652502166
2.3982269089
1.2881423169
1.5400569018
1.3324012054
0.8659466680
0.7018217924
0.7432469407
1.8519292912
1.2682062394
2.8744872505
2.6973065714
2.4705716258
0.7276823626
1.0522000237
1.5322019445
1.8365444993
0.6980627048
1.0749357980
1.1581016353
1.2099145027
0.7191371675
1.1084881010
1.1851559210
1.1528814749
1.2233191044
1.2319736870
0.6900814671
1.2280712270
0.6660015404
1.2858632631
1.0604942048
1.2793064382
0.6954318364
1.0566464625
1.0258750022
0.7289519730
0.6980547960
0.8751978199
0.9745189455
1.1136612568
0.7140815339
0.7134052915
0.8819659014
1.2144176682
1.6600733606
1.0633347969
0.9654900366
0.6500170710
0.6913162095
0.9379638484
0.9528379595
0.7038446064
0.7168038850
1.1791529773
0.7997890061
0.8368801936
1.0748793425
1.3510422930
0.8226554303
0.6621675309
0.9369941045
0.8616433027
1.4600225840
1.2413194095
0.6927192178
0.7047639089
0.7322761584
0.7367152749
0.7934491299
1.4229316784
0.9140769424
0.6689178860
1.0936273829
0.9113481505
0.9975883325
0.5746307520
0.9014646285
0.9322612213
0.6811559089
0.6940181059
0.7222546300
1.2653770279
1.1620414157
1.1144330662
1.0885610393
1.0465173691
0.9913141282
0.7254678003
0.7550075574
0.7724490991
0.7764211860
0.7210276004
0.6742521832
1.4080449417
0.7337063853
0.8366648967
0.7329564405
0.6695668977
0.7060385370
0.7550564256
1.4428118702
0.7090563865
0.7441491402
0.7592416560
1.1554335751
1.2381709428
1.5254702496
0.6581898627
1.0479441965
1.0214908798
0.9992514145
1.2015513014
0.9464981855
0.9331764434
1.2716916255
1.2341385331
1.2860026472
0.8123183611
0.6783030141
0.6723392377
1.1885974187
0.6868271069
0.7024741450
0.7144871517
0.7767299913
0.7857847435
0.7740887736
1.0112264124
0.9917463134
0.9572267426
1.2402368463
0.9281769565
1.4111636225
1.4564119728
1.4964464135
1.3895184190
1.3491209719
1.3225536064
1.4723685823
0.9961335531
1.0090343072
1.1839565031
1.0511975844
1.4296030359
1.4241771349
0.9634186940
0.7390728556
0.8974921957
0.7809095738
1.6477398989
1.3701022852
1.4194392211
1.0542345184
1.1414362899
1.1121074821
0.6907585558
0.7551516054
0.7760536226
1.0858593446
1.3004160011
2.2819912991
1.0219444451
1.3349271690
2.0494109010
0.6990538598
0.8458324739
0.9716394683
0.9765400252
0.9926159797
0.7055368539
0.7870375124
1.2721869978
0.5811005877
0.7223379097
0.7428282581
0.7539179723
1.1995071997
1.2836317087
1.2077387385
1.4117028386
1.1834315825
1.1870527440
0.7883840095
0.6814207834
0.6779329383
1.1275385996
0.5965561285
1.1685095411
0.7708695820
0.9419386786
1.1833374904
0.7556882941
0.6577951801
1.0341283884
1.6597222137
0.5903387126
0.6922262187
0.7223635543
1.1462191450
1.0872957160
1.0499964062
1.0821109896
1.2298534821
1.2596193794
1.0391988862
0.7672261251
1.0047690614
1.1383652979
1.0211178298
1.1532330766
1.2312045711
1.2605789974
0.9241562538
0.6449630972
0.9229850329
0.8729519911
0.9342703571
1.1767166971
1.6995564818
1.1580455462
1.1094506532
0.7017774665
0.9261608993
0.9887506760
0.9839619955
0.7055694747
0.7413490513
0.7140591134
0.9598913568
1.1608438211
0.9527132903
1.0708595831
1.3000361009
1.0148106596
1.1386947468
1.4829172600
0.8458801321
0.7908888204
1.0328215117
1.3380528630
0.9610917929
0.7100687911
0.9535452017
0.7142779876
0.7375889142
0.6383581304
0.7156720934
0.5784854913
0.8852850693
0.6708855417
1.0309818891
0.9280050746
0.9741427466
0.9050134238
1.5391185242
0.9232912606
0.9649499237
1.0528997836
0.7035692582
1.1606345786
1.3147594473
1.2802256122
0.9702745118
1.3164483745
0.8959759216
0.9167646123
1.2912808029
0.7272175823
0.8637015991
0.7065315121
1.2407981302
0.9699108116
1.0425279414
1.0969585553
1.0710783152
0.9672954058
1.6933597519
0.9065810881
0.7924501413
0.8015302797
0.8311168336
0.7577521044
1.5132231630
0.9475072364
0.9920898519
1.0783193390
1.6914952762
1.8856561175
1.0684195439
1.2788699501
0.7132161352
0.9157490498
1.4284395437
1.3880965014
0.6051029639
1.1230163446
1.2040284903
1.0845724358
1.9744185735
0.7637011495
0.6642029601
1.2092862443
0.9541222550
0.9335382841
1.5531056876
1.1761368797
0.9199670550
1.1148752489
0.7909130291
0.8123275573
0.8455298114
0.9366658768
0.9306224043
0.9992741345
1.0356347874
1.0963820770
1.0030227349
1.0922314695
1.0625763797
1.1824109608
0.8244033074
0.8139433681
0.8649420129
0.9622800294
0.9855653603
1.0643325416
1.0369652823
1.4363570070
1.0343006978
1.1064579247
1.8842142561
0.7596980414
1.2800806954
0.9361798855
1.0610862533
0.9791211745
0.9196433992
0.8063316063
0.8016229367
0.8395881385
1.1029317778
0.7545479185
0.8146923163
1.1441792916
0.7876849963
0.7986778829
0.8043348368
0.8813338643
0.9160605796
0.9271841661
0.9524059919
1.1284469309
1.1710069533
0.8245689432
0.9414542721
0.8989223958
0.6794944628
1.2747447493
0.8020471636
0.7548896946
0.6916653567
1.3273621790
0.9285336067
0.7837908029
0.8292295424
0.8463586792
0.8686772876
0.6920239263
0.9848977172
1.2099067703
0.8175311733
0.8271613259
0.9703985403
1.0034039721
1.0091939155
1.0445606177
1.0591589257
1.0995552822
1.0361358331
1.4646748642
0.8152513508
1.5250848093
0.5736274049
0.7192657715
0.6880582058
0.7678420705
0.9302013987
0.9524955299
0.9696624815
1.2226697058
1.1686225806
1.1651053615
0.7943359050
0.7759381480
1.0760503055
0.7909754832
0.8084041494
0.8027275351
0.8176964297
0.8362858769
0.9935218092
1.0123618405
1.1227739601
1.1592237274
1.1845141012
0.8287516008
1.7193336088
0.7262527612
1.5368239792
1.2443114474
0.7412154145
1.0183113576
0.7549264481
0.7814859653
0.8500041956
0.8581302367
0.9021371507
0.8885504799
1.2301172177
1.0551178554
1.4654292093
1.1926463605
1.5649090637
0.8345913212
1.0642683856
0.8305844536
0.8007563529
0.7477739194
1.0353571107
1.1087416416
1.4718653507
0.7268622732
0.8276659117
0.9295572238
1.0277491859
1.0748071676
1.1133051696
2.3367481844
1.7602077502
1.2334631857
1.3531637526
0.8498052699
1.0244175449
1.1944061035
2.1965824247
1.0233606302
0.7540629877
0.7836505967
0.9783746241
0.9987239906
1.0613024779
1.1883726943
1.2300933194
1.2658831119
1.0026421999
1.1212216067
2.0393399239
0.7978076311
1.0830681157
0.7427396950
0.7692637906
0.7969186653
0.8099771579
0.8118360155
0.8425961622
0.8256789249
0.9480796327
0.9744573137
1.0215331854
0.9178432488
0.8927761813
0.6777991610
0.8765718423
1.1405533168
1.0042598183
0.8587144358
0.8884097134
1.0832126932
1.1374204757
1.1176493650
1.1862358471
1.2054744304
1.2582514283
1.0762271860
1.1386378147
0.6684844441
1.9706242838
2.0015611693
0.9851655017
1.3862366538
0.7539715376
0.7699521092
0.8192039362
0.8925684086
1.0642898331
0.6073250296
1.6301882655
1.5678024738
1.5334571067
0.5952565783
0.7167837102
2.0202904663
1.0880011396
1.4727397613
0.7825502244
1.3438499000
0.8379142755
0.9195062606
0.9660644288
0.9480459134
1.0367669629
1.0854463739
1.1239840151
1.2917878138
0.6575579140
1.1854178251
1.5240633343
1.3072954705
0.9044763678
1.0443212337
0.7873191225
0.8468749483
0.9887982594
1.0108771554
1.0321836825
1.2090326225
1.1626496343
2.3936132893
1.1161115716
1.3795203565
2.1299626522
1.3258534052
0.7547917608
0.7534488580
0.7933937689
0.8154033547
0.8646512964
1.0713655758
1.1693192247
1.2969088078
0.9566966841
0.6792336815
2.1673353997
1.3783400722
1.0180777334
0.9183231988
0.7312169616
0.7720294904
0.7875825662
0.8063927283
0.8785332706
0.9107954130
1.0454327849
1.0842644529
1.1071633404
1.1393633917
1.0747287609
1.0054628859
0.6864548715
0.7414650204
0.8203474843
0.8327812788
0.8758598471
1.0446318039
1.0638809924
1.2141761211
1.2554983543
1.2904164686
0.9761169084
2.0209740088
2.1392796858
2.1371417336
2.1942980634
1.1269371904
1.1945950724
1.2647876972
0.7016028573
1.3809438521
0.8392416767
0.8559489488
0.8952953289
0.9214312327
0.9351479766
0.9619259217
0.9769109546
1.2526662178
1.6111334862
2.2443986838
1.8906242233
1.5874037917
1.0925906071
0.7371126077
0.7319726662
0.7434652587
1.0215410354
1.0084411726
1.1640360539
1.2027090798
1.3394259432
1.3816364993
1.1324855116
0.6604627682
0.7528220378
0.7412653100
1.4555768001
1.6055039702
0.9330461082
1.5013878498
0.8097076241
0.8236850040
0.8175811029
0.8695771800
0.8891306289
1.1821261257
1.2092082509
2.3602082208
0.9262209706
1.0138232980
2.2760435601
0.8101562410
1.1254613632
0.7530074330
0.7693068342
0.8310380356
0.8371476408
0.9056090175
0.9265277390
1.0305427732
1.1299440516
1.2106900090
2.1570079381
0.7417177657
0.7513071018
0.8007162288
0.8099068952
0.8707048804
0.9533954374
0.9758184239
1.0639027355
1.2357381672
1.2661771357
1.2956669120
1.3423092649
0.9680953870
2.0811432926
0.9532949338
1.3206787630
1.3638246708
0.7848367145
0.8008539224
0.8192518205
0.9608428421
1.0093844594
1.0839361435
1.1250664920
0.9301048913
0.9527830840
1.0408427928
1.0937229216
1.4051588961
1.1585517965
1.0382257593
0.7406239549
0.7817665787
0.8078547848
0.8175195844
0.8547478583
0.8960944022
0.9416538629
1.0222627119
1.1486961598
1.1969914443
1.2137574904
1.2321893318
1.0719982880
0.8985367079
1.0659135800
0.7163410922
2.1049169045
0.8069624017
1.1694573415
1.1437773026
0.8221404922
0.8411588840
0.8313969853
0.8583106659
0.9087304098
1.0457218965
1.0723727018
1.1781544330
1.3754810231
2.2068499420
1.0855572847
1.1048655248
0.7648347754
0.8950589874
0.9516088183
0.9954978906
1.1316181836
0.7165158393
0.8730106585
0.7448080191
1.2349105362
2.0179224665
0.8719949254
0.9127746612
0.9368859019
1.0791739339
1.1045474440
1.1946545787
1.2199483091
1.2497336103
1.2820587725
2.1407270019
1.3560504171
0.7332797039
1.0914951949
1.1365137822
1.2037539899
0.7435372166
0.8368684513
0.9572071485
0.9968410565
1.2416660227
1.3798962899
0.6667449708
1.1078773894
0.7186166834
1.1556796798
1.1196191691
0.8001890328
0.8107588272
0.8243345451
0.8191445439
0.8994469694
0.9722771140
1.0388821177
1.3042545527
1.3508726722
1.0817024461
2.2037401391
2.2524731108
1.2803521299
0.6559124408
0.9160188557
1.0167228026
1.0544112451
1.0994554364
1.1268824981
1.1475287931
0.7392657857
0.9119438221
2.2997641949
1.0529312246
1.9155369506
0.7988336311
1.4265393999
0.6674719721
0.7593334991
0.8275037238
0.8404021467
0.8710873393
0.8809185660
0.9499536137
1.1810055617
2.1714285790
1.3407539826
0.9738765587
1.0948489024
0.7959654023
0.8551013569
1.0978357019
1.0795218744
1.1273126466
1.1835949763
1.2280883358
1.6966767225
0.7466509588
0.9505165731
0.6754151353
1.2463833058
0.6200989224
1.2758148635
0.7391896203
1.6539189027
0.7595510500
0.8493029269
0.9105188997
1.0136552598
1.0538733356
1.0424418901
1.1498894486
1.6109056294
1.5023527141
0.7348746371
0.7704965393
1.0145671877
1.3369784160
1.0038032674
0.8188680391
1.4805543198
0.7449141989
0.7491526007
0.6520489415
0.7707792514
0.8087711800
0.8316855918
0.8272142724
0.8910387279
0.9588881503
0.9971825673
1.1941853698
1.5984413425
1.0582274863
0.6805722404
0.7101401474
1.7895337916
0.7110235430
1.7177966957
0.6777326007
1.0227002623
0.7838659921
0.8648590648
0.7630268315
0.8140971275
1.1972260742
0.9768592958
1.2433442828
0.9542533277
1.8173876775
1.0923621404
1.1689900210
2.2667123214
0.6665898338
0.7119856209
0.7290327759
0.6628091880
0.7625180492
0.8327959090
0.8522251631
0.8643528238
0.9285599310
0.9430682510
1.0047477172
1.0419908390
1.0612731127
1.0954839645
1.1214823289
1.0320900421
1.0755131183
1.1089692632
0.6474651806
0.7409652726
0.8945652367
0.8356596039
0.6777294680
0.8109075627
0.8271401009
0.8885468498
0.9112415508
1.0986495390
1.1289217293
1.2828951692
1.5675628042
0.9776308669
0.7324532164
1.0085133108
1.2832511914
1.0108017942
0.7400260665
0.8345532898
0.7790817509
0.7472065314
0.8267643084
1.0590915039
1.0883515643
1.1826577098
1.5328484284
0.9478691558
0.7603139625
1.0577182576
1.0123074007
0.9828371828
0.6551140054
0.7514099787
0.7723736507
0.9150009702
0.8022944829
0.8605412051
0.9111023402
0.9677600435
0.9829642815
1.0055715150
1.0036143951
1.2134057306
1.2179072830
1.1272077782
0.9889392731
0.6610989039
2.2300305841
0.6833335968
0.8358883438
0.8496745946
0.8862111510
0.9389009211
0.9696454572
1.1512699136
1.2460548214
1.2830187327
1.0255292222
0.9351358507
0.9499337592
1.9393689895
0.7442594773
1.5830739698
1.4661756694
0.9372243717
0.6870748012
0.9260060296
0.8949985021
0.8120414297
0.7923971515
0.9224119383
1.0329200575
1.1304886622
1.2271115692
1.5574855599
1.0028005490
1.1138212732
0.6441061021
0.6510798403
0.8640038081
1.0166813563
0.9951199266
1.1011445799
2.0959673946
2.1828897921
0.8980417852
1.7730879309
0.9335628391
0.6679542157
0.7533836011
0.7491671538
0.8214077600
0.7579309629
0.8190297041
0.8372323585
0.8593997710
1.0140818944
1.0945104121
1.1647400415
1.0888498022
0.7198157411
1.2514027569
0.9157630476
0.6615823011
0.7328225735
0.6719380908
0.7527063261
0.8512506211
0.6686139124
1.2853318811
0.7379494018
0.8503646166
0.8878276200
0.9046792239
0.9332836314
0.9423768187
1.0348343603
1.1390264876
1.4507342779
0.9289627705
1.0380476349
1.4844503574
0.6584801282
0.8102033866
0.9216822823
0.8692427305
0.6467223742
0.7609728358
0.8936148484
1.0046018821
0.9963566249
1.0657266840
2.0731907493
0.8426748580
2.0655412717
1.3633009866
0.5767965681
0.6822356491
0.9802510706
0.9480056544
0.8968095445
1.3620760237
0.8169211862
0.8387782370
0.8545282048
0.8690796993
1.1061359922
1.1079502077
1.1589154813
1.2372913844
1.3373157804
0.8841029344
1.1705959282
1.3883154215
2.1126204679
0.8672601483
1.1136159533
1.3675556551
0.9748077040
1.3401172592
0.8155714311
0.6508956138
0.9776781881
0.7988380604
0.9603372970
0.7176923696
1.0719155353
1.1385145182
1.1942516830
1.2777657458
1.5417997549
0.9616393970
0.7783496561
0.9934618304
0.7566632306
0.7445909781
0.8573223754
0.8289573023
0.8952133863
0.9076196692
2.1494048391
1.7334888268
1.4454360428
0.6727778672
0.6597366498
0.6517730586
0.6888239990
0.6497709812
0.6656275642
0.7383283762
0.6391984862
0.6922509136
0.6562158973
0.6553046363
0.7362636408
0.7370043999
0.7370030715
0.6450298619
0.6894726948
0.7462300450
0.6879561223
0.6884356658
0.6843345132
0.6482306877
0.7912762210
0.6467712579
0.6462348265
0.7442916587
0.6813793305
0.6534978789
0.6698989733
0.6572667745
0.7240518849
0.6679361172
0.6443409042
0.6850332560
0.6856908868
0.6634258077
1.0249264080
0.6565784594
0.7487536712
0.6856117855
0.6812571602
0.6894860202
0.6611093826
0.6505551410
0.6901681136
0.7416741374
0.6965409335
0.6493431057
0.7726359874
0.6467060931
0.6374639974
0.6971407005
0.6380781094
0.6364384305
0.6718653229
0.6936927790
0.8174425382
0.8355679230
0.8281512494
0.7472760912
0.6947030005
0.7622024971
0.6514119869
0.8309746885
0.8425056225
0.8525038053
0.7225859289
0.6788997860
0.6821808023
0.6800045524
0.8550032713
0.6803322533
0.6773646691
0.8028637789
0.6790386405
0.8603412211
0.8281828494
0.8660939061
0.6522760410
0.6711231512
0.6485760493
0.7488557987
0.8132343142
0.6458678622
0.6648976625
0.6580997842
0.6759454060
0.7052264131
0.7272857337
0.7586061511
0.7436469181
0.7979946181
0.6688327941
0.7344171488
0.6816790981
0.7438489508
0.7336136572
0.7492072321
0.7337052463
0.7332597816
0.7474522857
0.6722594142
0.7585968572
0.6878622666
0.6552905306
0.7342143708
0.6951920706
0.7692205540
0.7059907171
0.6540012540
0.7724479632
0.6723243574
0.7040993932
0.6655282056
0.7002832731
0.6571498882
0.7514505357
0.8063088947
0.7871884628
0.8352450592
0.6610366068
0.6783065361
0.8028602820
0.7133436626
0.8285547191
0.8378851951
0.8050175876
0.7508937318
0.7172447937
0.6571694975
0.6446516637
0.8762206905
0.7381173171
0.6502333310
0.6500426109
0.6487235716
0.7261045767
0.6616873251
0.8336470238
0.7999248272
0.6578355473
0.8052673592
0.6693983286
0.6877174616
0.7435657212
0.6704868010
0.7329630217
0.7589973404
0.6555360383
0.6898430950
0.7285372765
0.6744471998
0.6924990597
0.6759102306
0.7605546498
0.6574603324
0.6734534272
0.6716386596
0.6991107837
0.6954589107
0.6674128404
0.7151010548
0.8769505586
0.8509808300
0.7974074083
0.6465313054
0.7024867596
0.6442183178
0.7827312073
0.7636170357
0.6665681231
0.7377006406
0.6763159992
0.7538155400
0.7645116994
0.8496655161
0.8103936978
0.7826966181
0.7441498541
0.7619079070
0.7671847804
0.6549690211
0.7326928548
0.8167357721
0.7768317346
0.8154951080
0.6407696515
0.6556588761
0.7127968553
0.7548734952
0.7559285261
0.7657243898
0.7727849849
0.7188098807
0.7147926097
0.6476553228
0.7452005838
0.7277008391
0.7293353052
0.7975470058
0.6493684372
0.7031383252
0.6721795171
0.7525992217
0.7300254168
0.7517651167
0.7017901403
0.6538727955
0.6571818277
0.6989259420
0.6319526453
0.6526054330
0.6544938483
0.8023122476
0.7169107610
0.6533177437
0.6484079371
0.8259581459
0.8046134613
0.7158713479
0.8667059507
0.7413943381
0.7072745741
0.7414868487
0.7914596335
0.6551552288
0.7464262538
0.6555541479
0.8050989312
0.7766768469
0.8013562437
0.6541334895
0.8062238694
0.8440519971
0.8358156407
0.7280070077
0.7720574378
0.6418455821
0.7545882506
0.8078838541
0.7071835791
0.8399594570
0.6680398604
0.7322836525
0.7240522375
0.7888256545
0.7944565916
0.7659958258
0.7692206473
0.7399534620
0.6394182891
0.7351139289
0.7422896194
0.7941500802
0.7717412421
0.8663825927
0.8170721122
0.8073492485
0.7241332787
0.6591125553
0.6421216319
0.6433097667
0.8420162453
0.8179868539
0.7660787299
0.7806917699
0.8409723624
0.7571813177
1.1715861524
0.8030138305
0.8772230423
0.7219388586
0.8078967647
0.8549894891
0.7556588007
0.7306778753
0.7455286217
0.7199776906
0.7273357515
0.8121378157
0.6720266454
0.6709944294
0.8235844811
0.8281848054
0.6307751578
0.7826909749
0.8032873055
0.8732393254
0.7545848829
0.7434886443
0.7382749134
0.7279303776
0.7974580317
0.6687518212
0.8141656067
0.6985733795
0.8729542511
0.7824703749
0.8312820502
0.8059116371
0.7579359346
0.7489645992
0.6656925316
0.6622949697
0.7873016870
0.6413420409
0.6452014827
0.8349224273
0.8098762499
0.7303754296
0.7782165056
0.7381803214
0.6580260786
0.8173906926
0.8044507696
0.7491561462
0.8600196127
0.8462618057
0.7481428768
0.8592777276
0.6289765529
0.8277512182
0.7970362375
0.7562055004
0.8736174883
0.7477654772
0.8015992417
0.7773843142
0.7363504330
0.8420312810
0.6485722531
0.8133703013
0.8100721523
0.7438937839
0.8784564060
0.8578493931
0.7781751106
0.7572469738
0.7618252302
0.7535812245
0.7396175417
0.7502448904
0.7241503861
0.7601945501
0.6559707530
0.6679704695
0.6645513327
0.8040265909
0.7997375914
0.8034251371
0.7970653251
0.7307710134
0.7713202941
0.7812798685
0.7894476366
0.8361332212
0.7148618283
0.7536365893
0.6475775642
0.8586122940
0.6455399523
0.8176878149
0.8104081389
0.7928965213
0.8085107924
0.7781963918
0.6479392266
0.7815327174
0.7637208017
0.7408914019
0.8471111601
0.8255987851
0.7986410348
0.7147706516
0.7768275717
0.8802267216
0.6466507857
0.7579352516
0.7149715685
0.6635107753
0.6558381533
0.8409733059
0.8326613690
0.8305488457
0.8269558838
0.8134366265
0.8003225482
0.7963746692
0.7308460431
0.7206557645
0.6478513072
0.7033337426
0.8890972922
0.8895456118
0.8425899671
0.7984930707
0.7850877913
0.7809788659
0.9004018915
0.7387266681
0.6549062741
0.8429695614
0.8167068991
0.8071970340
0.6722716442
0.7676678762
0.6991105188
0.8703480300
0.8204838936
0.7978996993
0.7831289813
1.4020826184
0.7053786116
0.7037593891
0.8566313123
0.8293427916
0.8205823371
0.8260501277
0.8116632222
0.8012279110
0.7292842613
0.7469747533
0.7673036560
1.2840611883
0.7735055045
0.6421189770
0.6330494360
0.6595003593
0.8879026970
0.8821232930
0.8632306846
0.8156235880
0.7970838280
0.7876280428
0.7835946116
0.6651270793
0.8724694625
0.8207596377
0.6526946833
0.6459831973
0.6416562530
0.6652287899
0.8569357773
0.8428250000
0.8301338774
0.8158954609
0.8015421792
0.8003059526
0.6548622046
0.7269001469
0.7599981497
0.7117998031
0.8988630131
0.8443603981
0.7069133470
0.6434112318
0.6687633994
0.7970109409
0.8685043762
0.8393109424
0.8310871362
0.8217823392
0.8251085781
0.8139060005
0.6456770146
0.7458739156
0.6711443808
0.6343002586
0.7950794114
0.7149635218
0.6553276745
0.6514109580
0.6472839728
0.6457044884
0.6412133945
0.6663885430
0.8839813135
0.8106209825
0.8158423983
0.6549882972
0.8043045060
0.7407875202
0.6682735726
0.9167034634
0.8490141703
0.8328829672
0.9249158442
0.7265673905
0.7280242866
0.7210608261
0.6596992133
0.6548090020
0.9302577379
0.9141846776
0.9108397355
0.8984505065
0.8252103420
0.8035746966
0.6815645418
0.8651213268
0.8103299696
0.6496934426
0.7116233040
0.9020382026
0.8124613447
0.6636318607
0.6445629917
0.7056808430
0.8653484909
0.8499904424
0.8433217595
0.8187822581
0.8962277671
0.8138287182
0.7631218619
0.7336447065
0.7648234456
0.7314677892
0.7366447802
0.7252405534
0.7057996290
0.7142842563
0.6692781071
0.6492453429
0.6459710344
0.8865870743
0.8217162926
0.6816219080
0.7397309207
0.7439541038
0.7984669458
0.7293722941
0.7363304079
0.7424691141
0.7930763453
0.6597658104
0.7173992656
0.6405471988
0.8534680993
0.8479010411
0.8351446321
0.8371179878
0.8337343628
0.8280177417
0.8178797023
0.8161163689
0.6519251372
0.7722785413
0.5769378129
0.7203013500
0.6656147543
0.6688689635
0.6626893149
0.6563560451
0.6503239040
0.8928247008
0.8130721108
2.3728727404
0.7776023762
0.7200954674
0.6582098159
0.6797114187
0.6742792494
0.8977906639
0.8680865796
0.7155761696
0.6579293341
0.6726003063
0.6803525541
0.8853578988
0.8277006410
0.7916852821
0.7171336224
0.6892075417
0.6890529952
0.6855491752
0.6710805378
0.9508823204
0.6316900796
0.8736743755
0.8595183673
0.8662735094
0.8516396300
0.8248685929
0.6566333698
0.6393762374
0.6546815878
0.6943307175
0.6572806870
0.6538841800
0.7874224805
0.7205128224
0.8221591825
0.7983055891
0.8061011830
0.6688946962
0.6673662149
0.6939968930
0.6846748722
0.6744246085
0.6572797599
0.8573528808
0.8483540949
0.8575956674
0.8343970865
0.8323968076
0.8269680107
0.7450465410
0.7261022063
0.7916765556
0.6612992507
0.6602136166
0.6647760754
0.7026602239
0.6982264424
0.6985518287
0.6813319941
0.7419171288
0.8752111953
0.8530065126
0.7261892421
0.6691380186
0.6670782266
0.6485190977
0.8691645345
0.5805288379
0.8445476088
0.7982227072
0.6530441324
0.7869574757
0.7446544065
0.7084115175
0.7060940180
0.6674861341
0.6608320793
0.6473729413
0.6411925103
0.7539777802
0.6493485033
1.0489301790
0.6693999209
0.7065528400
0.7113769410
0.7105466819
0.7128167156
0.6987030889
0.6932471786
0.6599515068
0.6502958452
1.2892843312
1.3039654005
0.6216715234
0.6260509691
0.8116007738
0.8435571191
0.8489019643
0.8424224627
0.8016906907
0.7501578218
0.7042990661
0.7061459175
0.7130551051
0.7126193785
0.6890536033
0.6756748059
0.6548459185
0.6657056278
0.6629190149
0.7924140677
0.7031690667
0.7036104684
0.7163429382
0.7117052767
0.7068285979
0.7087385959
0.7049914388
0.6908951775
0.6844744930
0.6546145582
0.6375551373
0.6301304772
0.6172406878
0.7306981122
0.8521144639
0.8531084425
1.3714110257
0.6548252596
0.7142787406
0.7152230323
0.7187189607
0.7137263161
0.6455564298
0.6121090858
0.6950203424
0.8621825402
0.8013318176
0.7978283644
0.7675930760
0.7562537788
0.7944433846
0.7603917673
0.7056716315
0.7070285854
0.7230214799
0.6981407172
0.6749866276
0.6231667917
0.6146783725
0.6094814096
0.8640380587
0.7905530369
0.7993638920
0.7211302738
0.7159888142
0.6954875569
0.6882012508
0.6920217612
0.6714757394
0.6639072058
0.6200682015
0.8716106189
0.7679098348
0.7950432062
0.7834211761
0.6690690853
0.7081703707
0.7154126222
0.7267008782
0.7276166713
0.7197141523
0.7176555198
0.7152538009
0.7085914797
0.7131747465
0.7057635089
0.7101078178
0.7031149621
0.6794590329
0.6784964503
0.6765028122
0.6611978117
0.9389729777
0.8656921995
0.9187578845
0.6590419043
0.6580599797
0.7294978575
0.7322118796
0.7341211566
0.7247116568
0.7188330957
0.6785365637
0.6664831868
0.6495366649
0.6098225704
0.7893073222
0.8741302727
0.8878279529
0.8733615407
0.8878507645
0.7334685415
0.7405349756
0.7391479712
0.7442822928
0.7406652568
0.7349016237
0.7301839136
0.7269182578
0.7207780566
0.7249373676
0.6783479950
0.6763674667
0.6091642466
0.7731388204
0.8805851535
0.8954299979
0.7313253374
0.6729060969
0.7173374828
0.7230308945
0.7322475303
0.7563464981
0.7596998005
0.7254724800
0.6745696389
0.6722535357
0.6454020450
0.6308399511
0.6099450667
0.8670359503
0.6715736905
0.5826984537
0.7369533470
0.6565471100
0.9044901285
0.6611367052
0.6322961604
0.7409025493
0.7674114703
0.7718243990
0.7566378443
0.7300376179
0.7212042843
0.7333362563
0.6125606063
0.6112000557
0.6105051377
0.6625801262
0.6567237133
0.8942554216
0.6381991353
0.7254524880
0.7198592932
0.7687245717
0.7591883473
0.7367248322
0.6633699929
0.6239142200
0.7269869478
0.7772947753
0.8866122854
0.8942558028
0.9033469683
0.7204128707
0.8049945485
0.6163747306
0.7246605306
0.7868817431
0.7423377270
0.7377931038
0.7266466276
0.6537000772
0.7537115637
0.6586386982
0.8084461964
0.7496609630
0.7399071715
0.7459698338
0.7731471644
0.7874088139
0.7858218691
0.7908725949
0.7358330656
0.6730468748
0.6691220062
0.6512545402
0.6149997546
0.6771303655
0.8997580446
0.8088096035
0.7218131331
0.6546126297
0.6581400401
0.7922200506
0.7975453601
0.7375295444
0.7320809349
0.6775864851
0.6362494095
0.6573464920
0.6490945821
0.9054565425
0.7302696010
0.7627140994
0.7876274840
0.7988204597
0.7114174274
0.6434871406
0.7100595419
0.6652554858
0.6714042225
0.7436932357
0.7748224720
0.7887820415
0.6796385411
0.6319991273
0.7280989967
0.6530931552
0.8140454740
0.7373049604
0.7194490408
0.6936696417
0.7361820576
0.7412415893
0.7437078104
0.6749624888
0.6687251716
0.6421651430
0.6255061233
0.7771649792
0.7458292901
0.7476334890
0.6437745079
0.8020680629
0.6843877029
0.6535233777
0.6442740147
0.7488397605
0.6414644030
0.6404058892
0.6609721369
0.6521989229
0.7773302259
0.7952631762
0.8005758123
0.7987381317
0.6373329112
0.7491433491
0.7196864305
0.8413964493
0.8105790657
0.7625253849
0.7461125597
0.7708041272
0.7390335518
0.7506695899
0.7656598598
0.7927240037
0.8036752578
0.8028277238
0.6886843765
0.6919477738
0.6795705088
0.6597061836
0.7252824956
0.7635724321
0.7991218019
0.7361878181
0.8088045684
0.7428233610
0.7453138001
0.7453520560
0.7490590937
0.6921976628
0.6971524619
0.6877635302
0.6791790167
0.6245673868
0.7386678506
0.6977751675
0.7112090515
0.7373784434
0.7268267739
0.7215563307
0.7238307032
0.7267879170
0.6957085342
0.7104472892
0.7208497794
0.6992443471
0.7142988889
0.7143428199
0.7139159903
0.7137311598
0.7164925267
0.7221091006
0.7298658491
0.7347024986
0.7376495296
0.7421101903
0.7471776017
0.7470751495
0.8859822259
0.8789481479
0.8839130729
0.8693504267
0.8722644442
0.8823588847
0.8889285862
0.8913258765
0.8005081157
0.7426574544
0.7401867742
0.7594208207
0.7554682435
0.7737327151
0.7625174786
0.7803771887
0.7648356074
0.7811978626
0.7627467398
0.7625715072
0.7740684148
0.7790977070
0.6624368087
0.7252824906
0.6837725423
0.7244152518
0.6713615452
0.7250419850
0.6982875945
0.6890426242
0.7120006858
0.6978086679
0.6760105857
0.7045148688
0.7068281258
0.6902506624
0.6910357294
0.6895163998
0.6865465371
0.6680730790
0.6731802279
0.7066942524
0.7077472990
0.6931785764
0.6931476409
0.6926326847
0.6917095732
0.7017487759
0.7015467739
0.6849787938
0.7023030714
0.7057778851
0.7452202997
0.6790088769
0.7505951334
0.6859199586
0.7279289068
0.7435972610
0.7057977402
0.7179465989
0.6836352204
0.7121618354
0.7336011406
0.7040402902
0.6987705271
0.7153648902
0.6842553082
0.7492348371
0.7303671084
0.7364114912
0.7331890412
0.7128780216
0.7072523886
0.6999896086
0.7204662079
